Mass	Ion Current
1.0	6.883333486529253e-11
1.03125	7.126639556265246e-11
1.0625	7.677471158817895e-11
1.09375	8.695857228735449e-11
1.125	1.0273663170190517e-10
1.15625	1.2386873471381676e-10
1.1875	1.4897272304637e-10
1.21875	1.7585585765367284e-10
1.25	2.0172191694811659e-10
1.28125	2.2290132239977112e-10
1.3125	2.3462970455412346e-10
1.34375	2.326597525748042e-10
1.375	2.1722701415427537e-10
1.40625	1.9619562918737898e-10
1.4375	1.8376679344900282e-10
1.46875	1.9582915844473803e-10
1.5	2.464863313456078e-10
1.53125	3.478299592796219e-10
1.5625	5.119654145069319e-10
1.59375	7.547823477338511e-10
1.625	1.0989872345490426e-09
1.65625	1.568931096151971e-09
1.6875	2.17565720994628e-09
1.71875	2.907448948263891e-09
1.75	3.738642284645266e-09
1.78125	4.644785889240666e-09
1.8125	5.608697506431781e-09
1.84375	6.62615029511926e-09
1.875	7.725307504813372e-09
1.90625	8.971844600580425e-09
1.9375	1.040405184227211e-08
1.96875	1.1941871491671918e-08
2.0	1.3415188959697844e-08
2.03125	1.4691715399806071e-08
2.0625	1.572166574703715e-08
2.09375	1.64873856789427e-08
2.125	1.6967103277920614e-08
2.15625	1.7130036056300924e-08
2.1875	1.696975004961132e-08
2.21875	1.657067194571482e-08
2.25	1.6084243270597653e-08
2.28125	1.55518691258294e-08
2.3125	1.4765130451621644e-08
2.34375	1.3358582684475095e-08
2.375	1.1082589956856737e-08
2.40625	8.093287817700912e-09
2.4375	5.01855712542465e-09
2.46875	2.5842490369853977e-09
2.5	1.1049833270604381e-09
2.53125	4.049885982126966e-10
2.5625	1.3736350945592335e-10
2.59375	4.8812232034123326e-11
2.625	2.0586508192588227e-11
2.65625	1.0847366407884529e-11
2.6875	7.023348048973421e-12
2.71875	5.383580300305502e-12
2.75	4.678521025452964e-12
2.78125	4.428127135802651e-12
2.8125	4.440902073160613e-12
2.84375	4.634840688327868e-12
2.875	4.9438638946575075e-12
2.90625	5.286370299839582e-12
2.9375	5.593589393754206e-12
2.96875	5.844434311508273e-12
3.0	6.048332841512849e-12
3.03125	6.204302696599662e-12
3.0625	6.307778518260809e-12
3.09375	6.374005490084045e-12
3.125	6.403409486682721e-12
3.15625	6.3565953715982726e-12
3.1875	6.214511544255785e-12
3.21875	6.019433215764813e-12
3.25	5.822313117742617e-12
3.28125	5.622344170091997e-12
3.3125	5.3639237149183394e-12
3.34375	4.970000539589181e-12
3.375	4.379318088720829e-12
3.40625	3.5813749969110242e-12
3.4375	2.6662112188186038e-12
3.46875	1.82755113126154e-12
3.5	1.2379823728647654e-12
3.53125	9.236036414839166e-13
3.5625	7.918665723138929e-13
3.59375	7.393304176338267e-13
3.625	7.117439233469969e-13
3.65625	7.015592533993198e-13
3.6875	7.184198982240764e-13
3.71875	7.582744653532314e-13
3.75	7.996690332481848e-13
3.78125	8.290685304078449e-13
3.8125	8.541759964272866e-13
3.84375	8.864008160282266e-13
3.875	9.183756186081915e-13
3.90625	9.310631692710514e-13
3.9375	9.209807395882397e-13
3.96875	9.044965297577701e-13
4.0	8.978972621843939e-13
4.03125	9.016169429977572e-13
4.0625	9.042879834698925e-13
4.09375	8.977238440469049e-13
4.125	8.830794168829259e-13
4.15625	8.707238489252811e-13
4.1875	8.750789264218295e-13
4.21875	9.004016065725096e-13
4.25	9.3014430792987e-13
4.28125	9.340188128134641e-13
4.3125	8.930133108681071e-13
4.34375	8.180552589498458e-13
4.375	7.401000385459655e-13
4.40625	6.826530985458434e-13
4.4375	6.441043987233386e-13
4.46875	6.084899294503399e-13
4.5	5.712946934098573e-13
4.53125	5.435725654312495e-13
4.5625	5.324738588420586e-13
4.59375	5.324357491356957e-13
4.625	5.332315535303001e-13
4.65625	5.264901470521111e-13
4.6875	5.105034233884864e-13
4.71875	4.950202574238727e-13
4.75	4.928186764924236e-13
4.78125	5.037112220385165e-13
4.8125	5.1885709270727e-13
4.84375	5.383686118437536e-13
4.875	5.644488782624579e-13
4.90625	5.831139607628821e-13
4.9375	5.801137565111802e-13
4.96875	5.656134740260332e-13
5.0	5.563135130511043e-13
5.03125	5.486205023261248e-13
5.0625	5.323304731047473e-13
5.09375	5.118817154002586e-13
5.125	4.959234520436617e-13
5.15625	4.847829494607214e-13
5.1875	4.777558557100825e-13
5.21875	4.759838356793722e-13
5.25	4.745948100660924e-13
5.28125	4.675480922561315e-13
5.3125	4.631468277470352e-13
5.34375	4.754815248128597e-13
5.375	4.990686683359336e-13
5.40625	5.165231849006691e-13
5.4375	5.249599583159736e-13
5.46875	5.313151719803233e-13
5.5	5.350271007481533e-13
5.53125	5.336930441850185e-13
5.5625	5.341761104629694e-13
5.59375	5.438824304121459e-13
5.625	5.594208364774478e-13
5.65625	5.706789749961028e-13
5.6875	5.684747919794397e-13
5.71875	5.525210822719673e-13
5.75	5.365443874784381e-13
5.78125	5.358874693821292e-13
5.8125	5.490325533617779e-13
5.84375	5.592515925183228e-13
5.875	5.580234625074398e-13
5.90625	5.589848787838914e-13
5.9375	5.766520616047599e-13
5.96875	6.014461931963533e-13
6.0	6.145364707561829e-13
6.03125	6.145263334658702e-13
6.0625	6.089076183372899e-13
6.09375	5.946836447758008e-13
6.125	5.668834000306655e-13
6.15625	5.330304882374126e-13
6.1875	5.076518632546323e-13
6.21875	5.019193611080497e-13
6.25	5.176710839507881e-13
6.28125	5.411527346024791e-13
6.3125	5.516350180465035e-13
6.34375	5.444989619775298e-13
6.375	5.331193928155564e-13
6.40625	5.275581946122265e-13
6.4375	5.253916334109487e-13
6.46875	5.225277133723283e-13
6.5	5.193494289137957e-13
6.53125	5.132421180761848e-13
6.5625	4.982047218347885e-13
6.59375	4.748687337449709e-13
6.625	4.5067237702117735e-13
6.65625	4.342608900514272e-13
6.6875	4.34137562054307e-13
6.71875	4.499013466462143e-13
6.75	4.65087007534698e-13
6.78125	4.641962270297839e-13
6.8125	4.544882536722944e-13
6.84375	4.556356377263815e-13
6.875	4.711301336036977e-13
6.90625	4.894193232109212e-13
6.9375	5.077415267742968e-13
6.96875	5.288894864598215e-13
7.0	5.414311577203734e-13
7.03125	5.321300583331634e-13
7.0625	5.109956511747948e-13
7.09375	4.982349710754008e-13
7.125	4.977393822623577e-13
7.15625	5.005824314091578e-13
7.1875	4.983139552036664e-13
7.21875	4.850743830046855e-13
7.25	4.624249117304857e-13
7.28125	4.4249147531857935e-13
7.3125	4.335257467683734e-13
7.34375	4.278084505572599e-13
7.375	4.174377315167843e-13
7.40625	4.12897960180153e-13
7.4375	4.2827677168566503e-13
7.46875	4.556561291474415e-13
7.5	4.754255257706508e-13
7.53125	4.840048717716372e-13
7.5625	4.901730605612331e-13
7.59375	4.951067225471284e-13
7.625	4.919528868475853e-13
7.65625	4.776943272367939e-13
7.6875	4.577773706979094e-13
7.71875	4.410827172257603e-13
7.75	4.329714755127445e-13
7.78125	4.3165801879088694e-13
7.8125	4.316891624982916e-13
7.84375	4.3151403674238087e-13
7.875	4.3300172475335685e-13
7.90625	4.348731932283384e-13
7.9375	4.323512847650285e-13
7.96875	4.2452873898549126e-13
8.0	4.1996823228231117e-13
8.03125	4.283383272640079e-13
8.0625	4.455822375567381e-13
8.09375	4.603275226278125e-13
8.125	4.731689757890567e-13
8.15625	4.899332350406793e-13
8.1875	5.032848595341866e-13
8.21875	5.045366793625383e-13
8.25	5.013965046103686e-13
8.28125	5.02093755027494e-13
8.3125	4.990142413868748e-13
8.34375	4.845757042154508e-13
8.375	4.647528022150293e-13
8.40625	4.486869588978676e-13
8.4375	4.412179714467779e-13
8.46875	4.4339561861526933e-13
8.5	4.470347161021626e-13
8.53125	4.388801334073017e-13
8.5625	4.2144201540042503e-13
8.59375	4.154003801094125e-13
8.625	4.3010777231455855e-13
8.65625	4.4820158869030013e-13
8.6875	4.531381238119525e-13
8.71875	4.52684358097713e-13
8.75	4.608706537061191e-13
8.78125	4.755969923442294e-13
8.8125	4.843169593669872e-13
8.84375	4.792392611224772e-13
8.875	4.632181682499847e-13
8.90625	4.4818375356456275e-13
8.9375	4.44162447706814e-13
8.96875	4.4756692384358143e-13
9.0	4.5269341118585327e-13
9.03125	4.667724540219353e-13
9.0625	4.922053975335572e-13
9.09375	5.09406373420257e-13
9.125	5.019718907033066e-13
9.15625	4.826318923505102e-13
9.1875	4.724956320298346e-13
9.21875	4.70520215671566e-13
9.25	4.628593515410007e-13
9.28125	4.4812347192377255e-13
9.3125	4.365386361854934e-13
9.34375	4.350426811329522e-13
9.375	4.4328088292036605e-13
9.40625	4.55552750470295e-13
9.4375	4.633431767604723e-13
9.46875	4.624792844694359e-13
9.5	4.582589733029274e-13
9.53125	4.590998262977986e-13
9.5625	4.649752805008234e-13
9.59375	4.702635850173387e-13
9.625	4.762457247141361e-13
9.65625	4.856342107964484e-13
9.6875	4.900858364964567e-13
9.71875	4.810582813173647e-13
9.75	4.665093181546731e-13
9.78125	4.614955878383398e-13
9.8125	4.694252256874643e-13
9.84375	4.825989868145752e-13
9.875	4.940222493240998e-13
9.90625	5.030038343310783e-13
9.9375	5.09928958867395e-13
9.96875	5.105669034256854e-13
10.0	5.037179983020945e-13
10.03125	4.948903157935003e-13
10.0625	4.839394401705277e-13
10.09375	4.657378540988411e-13
10.125	4.456708981893931e-13
10.15625	4.351692888416442e-13
10.1875	4.3574733122990483e-13
10.21875	4.423355399411216e-13
10.25	4.503578499709393e-13
10.28125	4.5271371287153306e-13
10.3125	4.4589901432648404e-13
10.34375	4.389544554662256e-13
10.375	4.4388266933620413e-13
10.40625	4.598570330950624e-13
10.4375	4.729714341532298e-13
10.46875	4.726904089501216e-13
10.5	4.645033815052491e-13
10.53125	4.605581866400088e-13
10.5625	4.634537111719572e-13
10.59375	4.661003570952116e-13
10.625	4.626424568963949e-13
10.65625	4.5447939031953433e-13
10.6875	4.490970583696102e-13
10.71875	4.543380103562422e-13
10.75	4.711793021722199e-13
10.78125	4.936304728690721e-13
10.8125	5.127883794669996e-13
10.84375	5.189102186137218e-13
10.875	5.078446886110088e-13
10.90625	4.882241529460818e-13
10.9375	4.759669221254814e-13
10.96875	4.785223866460298e-13
11.0	4.888817757738029e-13
11.03125	4.963844548074026e-13
11.0625	4.959517497203636e-13
11.09375	4.889391300687274e-13
11.125	4.839182440180556e-13
11.15625	4.901696453243898e-13
11.1875	5.058701396144782e-13
11.21875	5.210679435672938e-13
11.25	5.330314640193679e-13
11.28125	5.516899870966485e-13
11.3125	5.873079258165992e-13
11.34375	6.37693619697649e-13
11.375	6.981773557727944e-13
11.40625	7.788701866622005e-13
11.4375	8.998263288997888e-13
11.46875	1.1045003887183436e-12
11.5	1.54394086491344e-12
11.53125	2.565582078381534e-12
11.5625	4.655862934771493e-12
11.59375	8.184144334455468e-12
11.625	1.3127133928481083e-11
11.65625	1.9036421744500487e-11
11.6875	2.5284581720019794e-11
11.71875	3.1392506649741136e-11
11.75	3.7197835089930464e-11
11.78125	4.2717367837452613e-11
11.8125	4.788261454002907e-11
11.84375	5.251349008417172e-11
11.875	5.6513703439176055e-11
11.90625	5.992617513328469e-11
11.9375	6.280030662164648e-11
11.96875	6.518303952152138e-11
12.0	6.71451089173658e-11
12.03125	6.85550088919129e-11
12.0625	6.897551974027749e-11
12.09375	6.807068797520799e-11
12.125	6.606053204460949e-11
12.15625	6.362531335124544e-11
12.1875	6.135993796396733e-11
12.21875	5.928679075450916e-11
12.25	5.684014023343842e-11
12.28125	5.3328407662034394e-11
12.3125	4.827658411921121e-11
12.34375	4.13186394820908e-11
12.375	3.2376431396974326e-11
12.40625	2.241368722566417e-11
12.4375	1.3447456689852366e-11
12.46875	7.185299230605402e-12
12.5	3.931472335183539e-12
12.53125	3.0365042077984405e-12
12.5625	3.91216356185331e-12
12.59375	6.3619109980095345e-12
12.625	1.0302592112765296e-11
12.65625	1.548485298319413e-11
12.6875	2.1450376197496013e-11
12.71875	2.7665127133591483e-11
12.75	3.370534060187502e-11
12.78125	3.936706516327604e-11
12.8125	4.461835068081399e-11
12.84375	4.942456860446143e-11
12.875	5.368002917172099e-11
12.90625	5.734825114789288e-11
12.9375	6.051393414141515e-11
12.96875	6.32388169607978e-11
13.0	6.546699987675098e-11
13.03125	6.70490191145845e-11
13.0625	6.779847516735771e-11
13.09375	6.754819620313768e-11
13.125	6.625534842985559e-11
13.15625	6.419458714601589e-11
13.1875	6.192593660081513e-11
13.21875	5.978272044071531e-11
13.25	5.7468738101640326e-11
13.28125	5.4351551037612467e-11
13.3125	4.9917400074539486e-11
13.34375	4.374527476369572e-11
13.375	3.5554587052288866e-11
13.40625	2.5898049330064232e-11
13.4375	1.6521277401704282e-11
13.46875	9.360176696227018e-12
13.5	5.181824587474626e-12
13.53125	3.4704958091352767e-12
13.5625	3.3406708389166484e-12
13.59375	4.205736019863293e-12
13.625	5.789462225597175e-12
13.65625	7.923423202271795e-12
13.6875	1.0444442186119396e-11
13.71875	1.3144298149914135e-11
13.75	1.5792834054395577e-11
13.78125	1.825973400260139e-11
13.8125	2.0513981138781112e-11
13.84375	2.249162661671633e-11
13.875	2.4104785875667112e-11
13.90625	2.535891115151845e-11
13.9375	2.6370664332753257e-11
13.96875	2.7287647835771978e-11
14.0	2.816000384264772e-11
14.03125	2.8866405793470662e-11
14.0625	2.920156824681719e-11
14.09375	2.902580606423122e-11
14.125	2.8370883767281363e-11
14.15625	2.7459142598607045e-11
14.1875	2.6547777864927014e-11
14.21875	2.5697492744836126e-11
14.25	2.472477257653427e-11
14.28125	2.3371379484493637e-11
14.3125	2.144063225573145e-11
14.34375	1.8773036944419452e-11
14.375	1.529394319521593e-11
14.40625	1.125638384585903e-11
14.4375	7.349192435168739e-12
14.46875	4.3609096368746325e-12
14.5	2.6924387198923316e-12
14.53125	2.3116380771376344e-12
14.5625	3.152627898322935e-12
14.59375	5.3699718283173326e-12
14.625	9.150401790447571e-12
14.65625	1.440153291759616e-11
14.6875	2.0697762947996523e-11
14.71875	2.7471774854959108e-11
14.75	3.424818068031854e-11
14.78125	4.077468918062266e-11
14.8125	4.6967343209081136e-11
14.84375	5.2755272372806417e-11
14.875	5.8026763949392546e-11
14.90625	6.267094482259594e-11
14.9375	6.65936888966101e-11
14.96875	6.975932331787504e-11
15.0	7.224660453220011e-11
15.03125	7.41301117712645e-11
15.0625	7.526487072473387e-11
15.09375	7.532666157494816e-11
15.125	7.413689107060861e-11
15.15625	7.19269296900471e-11
15.1875	6.930652579617558e-11
15.21875	6.683742448387875e-11
15.25	6.443939132294574e-11
15.28125	6.137615415902076e-11
15.3125	5.69286354168419e-11
15.34375	5.071721168037335e-11
15.375	4.244530768526822e-11
15.40625	3.2226457613582227e-11
15.4375	2.1425267809904724e-11
15.46875	1.23271393093205e-11
15.5	6.5358833796491655e-12
15.53125	4.102183870369203e-12
15.5625	4.27155272958446e-12
15.59375	6.549326619226248e-12
15.625	1.087378884850887e-11
15.65625	1.712528903408117e-11
15.6875	2.475219161579556e-11
15.71875	3.291661387905265e-11
15.75	4.095885436372626e-11
15.78125	4.8635775962146965e-11
15.8125	5.595005014846777e-11
15.84375	6.28695845383831e-11
15.875	6.920251871544991e-11
15.90625	7.470649099339255e-11
15.9375	7.930125306421232e-11
15.96875	8.308272125834293e-11
16.0	8.61535773277744e-11
16.03125	8.854227767640666e-11
16.0625	9.014265028861601e-11
16.09375	9.061133787735542e-11
16.125	8.954530172911035e-11
16.15625	8.696602465940728e-11
16.1875	8.355319214281565e-11
16.21875	8.017680269700733e-11
16.25	7.703616911047817e-11
16.28125	7.337237067917002e-11
16.3125	6.813989650300556e-11
16.34375	6.06967670568892e-11
16.375	5.0843818738544044e-11
16.40625	3.8929193202363876e-11
16.4375	2.636686008417044e-11
16.46875	1.546621337944476e-11
16.5	8.072418601623443e-12
16.53125	4.490960988506876e-12
16.5625	3.908571383215431e-12
16.59375	5.410746503620167e-12
16.625	8.374415744194508e-12
16.65625	1.2353948593279984e-11
16.6875	1.6984968986832882e-11
16.71875	2.1935599170408437e-11
16.75	2.686314885813612e-11
16.78125	3.1513677084538116e-11
16.8125	3.582231386523027e-11
16.84375	3.9772962701078995e-11
16.875	4.3262646937103355e-11
16.90625	4.622497870587772e-11
16.9375	4.874109796326742e-11
16.96875	5.090825330733573e-11
17.0	5.269315886402559e-11
17.03125	5.393304899903306e-11
17.0625	5.437009523157066e-11
17.09375	5.375843867283514e-11
17.125	5.214640871886722e-11
17.15625	5.005773573429906e-11
17.1875	4.81311240863036e-11
17.21875	4.644601023229278e-11
17.25	4.4434230600520763e-11
17.28125	4.1502218328659524e-11
17.3125	3.741409612678659e-11
17.34375	3.207383664216579e-11
17.375	2.5458512034615133e-11
17.40625	1.8131952536637463e-11
17.4375	1.1490792692359086e-11
17.46875	7.018831696403716e-12
17.5	5.518057365205831e-12
17.53125	7.41327832454175e-12
17.5625	1.3420859042156952e-11
17.59375	2.4397654035945848e-11
17.625	4.054891838967123e-11
17.65625	6.094551946445037e-11
17.6875	8.384839350616957e-11
17.71875	1.076197464477957e-10
17.75	1.3134478227261326e-10
17.78125	1.5453853474678425e-10
17.8125	1.7657296458306604e-10
17.84375	1.967158103077793e-10
17.875	2.146239436173758e-10
17.90625	2.3041829555481286e-10
17.9375	2.4409832488636596e-10
17.96875	2.552126010524347e-10
18.0	2.6324104007713345e-10
18.03125	2.678645638631849e-10
18.0625	2.6872115643783445e-10
18.09375	2.6538246600260607e-10
18.125	2.5807136982969325e-10
18.15625	2.48385811918439e-10
18.1875	2.3859086928368356e-10
18.21875	2.2946076982943708e-10
18.25	2.191404419038534e-10
18.28125	2.047269437310817e-10
18.3125	1.8431219050984993e-10
18.34375	1.5706351497168924e-10
18.375	1.231939689150252e-10
18.40625	8.577812765642179e-11
18.4375	5.133052316530495e-11
18.46875	2.611245941697149e-11
18.5	1.1807358042681404e-11
18.53125	5.655031130868959e-12
18.5625	3.841498733697657e-12
18.59375	3.856102936961037e-12
18.625	4.620243857639261e-12
18.65625	5.757899799313515e-12
18.6875	7.091158389649355e-12
18.71875	8.516185152906974e-12
18.75	9.997344098400252e-12
18.78125	1.1510043786133739e-11
18.8125	1.3009459828849934e-11
18.84375	1.4468285076951748e-11
18.875	1.5897685945454043e-11
18.90625	1.732871138249159e-11
18.9375	1.876280554535814e-11
18.96875	2.011000914403649e-11
19.0	2.1240257816468322e-11
19.03125	2.215345615286246e-11
19.0625	2.302928334141363e-11
19.09375	2.4073860960260873e-11
19.125	2.5393869299006333e-11
19.15625	2.7037844185784365e-11
19.1875	2.906868148966346e-11
19.21875	3.155623332085078e-11
19.25	3.457514829996455e-11
19.28125	3.82607764914944e-11
19.3125	4.2826839297127606e-11
19.34375	4.856487434423684e-11
19.375	5.60776217128911e-11
19.40625	6.715156902759034e-11
19.4375	8.768518550139603e-11
19.46875	1.3604876947237443e-10
19.5	2.576654722918903e-10
19.53125	5.3303711444741e-10
19.5625	1.056957299461203e-09
19.59375	1.8916541666413877e-09
19.625	3.034177353811174e-09
19.65625	4.42956604729261e-09
19.6875	6.018918252692629e-09
19.71875	7.773101273755856e-09
19.75	9.654065991071548e-09
19.78125	1.1541598787800922e-08
19.8125	1.3263191434020882e-08
19.84375	1.4718480656483734e-08
19.875	1.591984677418168e-08
19.90625	1.6920241208140396e-08
19.9375	1.7753647441054454e-08
19.96875	1.8424943348804845e-08
20.0	1.8908604459966227e-08
20.03125	1.915111091932431e-08
20.0625	1.909424263146775e-08
20.09375	1.872232502364568e-08
20.125	1.8116706357318435e-08
20.15625	1.7447332467668275e-08
20.1875	1.683540240549064e-08
20.21875	1.620784750855364e-08
20.25	1.535238958183527e-08
20.28125	1.4099181377957848e-08
20.3125	1.2365394042035405e-08
20.34375	1.0097262581609812e-08
20.375	7.376021571303681e-09
20.40625	4.605487546882614e-09
20.4375	2.3679347371796666e-09
20.46875	9.84245795976335e-10
20.5	3.344804433424997e-10
20.53125	9.905756076511452e-11
20.5625	2.975035842678331e-11
20.59375	1.1045241110618775e-11
20.625	5.345548656499055e-12
20.65625	3.0659192632592758e-12
20.6875	1.9525299346095926e-12
20.71875	1.3699631706831639e-12
20.75	1.0609642504821881e-12
20.78125	8.901240747087591e-13
20.8125	7.801553999174649e-13
20.84375	6.946303883655081e-13
20.875	6.293462387514659e-13
20.90625	5.912763768184393e-13
20.9375	5.741401278014369e-13
20.96875	5.595745763455062e-13
21.0	5.384369165806202e-13
21.03125	5.173057620287691e-13
21.0625	5.033176024397956e-13
21.09375	4.949264739359527e-13
21.125	4.885365658020835e-13
21.15625	4.829243016764295e-13
21.1875	4.779191365572588e-13
21.21875	4.758214221939339e-13
21.25	4.790098439427792e-13
21.28125	4.826151414269453e-13
21.3125	4.797981131322848e-13
21.34375	4.753335312163154e-13
21.375	4.791442308020588e-13
21.40625	4.884945529678997e-13
21.4375	4.923098604128762e-13
21.46875	4.893281418082152e-13
21.5	4.889738787483555e-13
21.53125	4.9439028175155e-13
21.5625	4.950523498081782e-13
21.59375	4.843948050829716e-13
21.625	4.737451750336241e-13
21.65625	4.750548912579866e-13
21.6875	4.812150027413975e-13
21.71875	4.771667544596625e-13
21.75	4.614714101298933e-13
21.78125	4.4716368195057976e-13
21.8125	4.481142019951978e-13
21.84375	4.66910147697841e-13
21.875	4.909150343179736e-13
21.90625	5.06052827680542e-13
21.9375	5.133436536096381e-13
21.96875	5.196737137835861e-13
22.0	5.231498827890091e-13
22.03125	5.215671644576148e-13
22.0625	5.194509102371403e-13
22.09375	5.157010343932733e-13
22.125	5.022935192777744e-13
22.15625	4.826900055869554e-13
22.1875	4.717719270797005e-13
22.21875	4.720520307109621e-13
22.25	4.706533014882386e-13
22.28125	4.61704188336326e-13
22.3125	4.503718632840187e-13
22.34375	4.377233710044226e-13
22.375	4.2243557827129075e-13
22.40625	4.1373453057644283e-13
22.4375	4.2423795596283065e-13
22.46875	4.5011834971103726e-13
22.5	4.746655542578471e-13
22.53125	4.88734161648019e-13
22.5625	4.92386350876145e-13
22.59375	4.879769006406465e-13
22.625	4.83350447340325e-13
22.65625	4.867924639773147e-13
22.6875	4.91932883317503e-13
22.71875	4.823132453320167e-13
22.75	4.579548003834366e-13
22.78125	4.406938952216527e-13
22.8125	4.442083907738731e-13
22.84375	4.578218771970899e-13
22.875	4.663013139678818e-13
22.90625	4.679770026355667e-13
22.9375	4.675250529599662e-13
22.96875	4.652691534996756e-13
23.0	4.631453640741023e-13
23.03125	4.698584186654808e-13
23.0625	4.900936969622072e-13
23.09375	5.178244443480862e-13
23.125	5.44996990245461e-13
23.15625	5.663621156261345e-13
23.1875	5.773994021622542e-13
23.21875	5.78946558662391e-13
23.25	5.762819149830734e-13
23.28125	5.713652749712861e-13
23.3125	5.707762821410833e-13
23.34375	5.885766591988417e-13
23.375	6.274303993025754e-13
23.40625	6.776583959776372e-13
23.4375	7.405463503702692e-13
23.46875	8.448706144414952e-13
23.5	1.073357331835001e-12
23.53125	1.6177042344578396e-12
23.5625	2.79417439706664e-12
23.59375	4.930672189984442e-12
23.625	8.163039688646734e-12
23.65625	1.2314585115524856e-11
23.6875	1.700560178785615e-11
23.71875	2.1904490374313745e-11
23.75	2.6841608796734917e-11
23.78125	3.1718155879545407e-11
23.8125	3.644450366491192e-11
23.84375	4.0965147940497104e-11
23.875	4.5194143566407163e-11
23.90625	4.893575475395373e-11
23.9375	5.198005567641495e-11
23.96875	5.4246326181006665e-11
24.0	5.5769382167891735e-11
24.03125	5.658302992816999e-11
24.0625	5.6675258236493775e-11
24.09375	5.6041254969940724e-11
24.125	5.47650397253463e-11
24.15625	5.3101537056399195e-11
24.1875	5.138461184328591e-11
24.21875	4.969218439510037e-11
24.25	4.7699622029995226e-11
24.28125	4.4933622794784966e-11
24.3125	4.097852612794384e-11
24.34375	3.5460547692656164e-11
24.375	2.827489978263209e-11
24.40625	2.0135525191644632e-11
24.4375	1.2627504944462409e-11
24.46875	7.290231786305501e-12
24.5	4.71397443649324e-12
24.53125	4.7846982452470765e-12
24.5625	7.568311428951535e-12
24.59375	1.3548262338403116e-11
24.625	2.305425295112684e-11
24.65625	3.575309145964489e-11
24.6875	5.076744580279069e-11
24.71875	6.709565542051266e-11
24.75	8.373427645702591e-11
24.78125	9.968492697964848e-11
24.8125	1.1439441061078526e-10
24.84375	1.2799587778555832e-10
24.875	1.406628841182922e-10
24.90625	1.5209464243604032e-10
24.9375	1.6188582419029984e-10
24.96875	1.6994060325625782e-10
25.0	1.7626571036100103e-10
25.03125	1.8064040541165838e-10
25.0625	1.8268783708030867e-10
25.09375	1.8209428409576844e-10
25.125	1.788574427452616e-10
25.15625	1.7374149341442546e-10
25.1875	1.6820450587928804e-10
25.21875	1.6309627259847304e-10
25.25	1.5754972326753602e-10
25.28125	1.497067053657375e-10
25.3125	1.3806911169922387e-10
25.34375	1.2162948426208686e-10
25.375	9.979379822500078e-11
25.40625	7.378939820279484e-11
25.4375	4.7968334165870985e-11
25.46875	2.798236468926074e-11
25.5	1.7179107095199875e-11
25.53125	1.6013823947447214e-11
25.5625	2.4867108372461644e-11
25.59375	4.5674620335889315e-11
25.625	8.031861287172148e-11
25.65625	1.284859857397791e-10
25.6875	1.8744471252940542e-10
25.71875	2.5332413944312293e-10
25.75	3.225425482256128e-10
25.78125	3.924481295491944e-10
25.8125	4.6101389372665835e-10
25.84375	5.262980606879353e-10
25.875	5.864624896823045e-10
25.90625	6.402728902621391e-10
25.9375	6.872418190084773e-10
25.96875	7.271370172645675e-10
26.0	7.59492857493882e-10
26.03125	7.834408122242564e-10
26.0625	7.975536897575353e-10
26.09375	7.999246265377735e-10
26.125	7.896366893689333e-10
26.15625	7.694693771043148e-10
26.1875	7.460769224643116e-10
26.21875	7.246013233874748e-10
26.25	7.026425552503213e-10
26.28125	6.717962297564384e-10
26.3125	6.246562156420055e-10
26.34375	5.572313166446463e-10
26.375	4.667110586886736e-10
26.40625	3.5457931035765e-10
26.4375	2.3454191366845123e-10
26.46875	1.3042397717377696e-10
26.5	6.007333519519875e-11
26.53125	2.369729933116016e-11
26.5625	9.509792259221328e-12
26.59375	5.859578447453551e-12
26.625	6.4289281363760775e-12
26.65625	8.874703055772315e-12
26.6875	1.2447424167782994e-11
26.71875	1.6762386617630298e-11
26.75	2.1463242641517333e-11
26.78125	2.6257959348519044e-11
26.8125	3.0974417475349014e-11
26.84375	3.5513616353233246e-11
26.875	3.9771609616767734e-11
26.90625	4.3609674899025563e-11
26.9375	4.6908220363572894e-11
26.96875	4.96608067168669e-11
27.0	5.195993288409362e-11
27.03125	5.382972539935693e-11
27.0625	5.5111547270225714e-11
27.09375	5.5584314928580625e-11
27.125	5.520160023531062e-11
27.15625	5.421152762807857e-11
27.1875	5.304242114978486e-11
27.21875	5.1971878189949194e-11
27.25	5.08493386286446e-11
27.28125	4.922440927090932e-11
27.3125	4.669405487267575e-11
27.34375	4.2955503737340806e-11
27.375	3.7726100021728826e-11
27.40625	3.113201710314151e-11
27.4375	2.4400311632311045e-11
27.46875	2.0096722896933983e-11
27.5	2.199460578944379e-11
27.53125	3.53195181435062e-11
27.5625	6.652864370515488e-11
27.59375	1.2106364521979884e-10
27.625	2.0045992643602517e-10
27.65625	3.0151567353975395e-10
27.6875	4.1791128890800167e-10
27.71875	5.430100258330128e-10
27.75	6.717483236329258e-10
27.78125	8.002820628405516e-10
27.8125	9.249134791389224e-10
27.84375	1.0421027374363234e-09
27.875	1.1489074136505906e-09
27.90625	1.2431125018252942e-09
27.9375	1.3234721096822e-09
27.96875	1.389698467413325e-09
28.0	1.441607389018884e-09
28.03125	1.4778261947512306e-09
28.0625	1.4951078153302433e-09
28.09375	1.4899589340089392e-09
28.125	1.4633073641689975e-09
28.15625	1.4240727486125593e-09
28.1875	1.3841037205253315e-09
28.21875	1.3458312242420334e-09
28.25	1.2977490193577523e-09
28.28125	1.2243484004414995e-09
28.3125	1.1151035650414087e-09
28.34375	9.62794843850645e-10
28.375	7.649605393567072e-10
28.40625	5.3751675332947e-10
28.4375	3.2103206204503465e-10
28.46875	1.5857859470003177e-10
28.5	6.473781927196498e-11
28.53125	2.306164807730493e-11
28.5625	8.618005614691171e-12
28.59375	4.832379288388644e-12
28.625	4.633221757643913e-12
28.65625	5.750556714839705e-12
28.6875	7.482946554060455e-12
28.71875	9.531382627603335e-12
28.75	1.1728582514913821e-11
28.78125	1.3963915961034967e-11
28.8125	1.612903734182769e-11
28.84375	1.8133477358572847e-11
28.875	1.9965223918561037e-11
28.90625	2.166993494367997e-11
28.9375	2.32359444185537e-11
28.96875	2.4554093133732913e-11
29.0	2.5520108595800117e-11
29.03125	2.6113885359668743e-11
29.0625	2.6362273475299958e-11
29.09375	2.6285792986691092e-11
29.125	2.5923188942678088e-11
29.15625	2.5382916254979015e-11
29.1875	2.4814499413605695e-11
29.21875	2.4266103015868623e-11
29.25	2.356678047155114e-11
29.28125	2.24496168182986e-11
29.3125	2.0754137991518817e-11
29.34375	1.8373887480938045e-11
29.375	1.518067269112855e-11
29.40625	1.129063682825393e-11
29.4375	7.329141633871661e-12
29.46875	4.135458468723652e-12
29.5	2.1434507814499515e-12
29.53125	1.1947766994507836e-12
29.5625	8.802930715097468e-13
29.59375	8.749386848708185e-13
29.625	1.0160631017108734e-12
29.65625	1.248705566031516e-12
29.6875	1.5545043551001836e-12
29.71875	1.9094305130085143e-12
29.75	2.2874876905859542e-12
29.78125	2.677946189452718e-12
29.8125	3.0715375989170957e-12
29.84375	3.4359596331329234e-12
29.875	3.7326283557070905e-12
29.90625	3.9536555453134614e-12
29.9375	4.127506496309774e-12
29.96875	4.293032075664005e-12
30.0	4.459606295359464e-12
30.03125	4.5968927449291375e-12
30.0625	4.675156095590438e-12
30.09375	4.6894892483106965e-12
30.125	4.6442437569294e-12
30.15625	4.552950898240038e-12
30.1875	4.448292428849143e-12
30.21875	4.354602182315981e-12
30.25	4.2490876268896915e-12
30.28125	4.076935837538098e-12
30.3125	3.79992738663848e-12
30.34375	3.403131942913973e-12
30.375	2.8804094526213575e-12
30.40625	2.2580607089012217e-12
30.4375	1.6254334033252715e-12
30.46875	1.103942241439948e-12
30.5	7.689947853842249e-13
30.53125	6.164226030655473e-13
30.5625	6.001990354373432e-13
30.59375	6.819496681763348e-13
30.625	8.521122175919604e-13
30.65625	1.122036708336993e-12
30.6875	1.4957629319162224e-12
30.71875	1.948241698176978e-12
30.75	2.4364290966694124e-12
30.78125	2.925464124420296e-12
30.8125	3.3921270740228104e-12
30.84375	3.816464939215836e-12
30.875	4.192044714829146e-12
30.90625	4.532621240144197e-12
30.9375	4.852306924318928e-12
30.96875	5.148103731505982e-12
31.0	5.4070198839129e-12
31.03125	5.616894536292216e-12
31.0625	5.768760902996606e-12
31.09375	5.856843655893673e-12
31.125	5.8687113328736995e-12
31.15625	5.7878576063818965e-12
31.1875	5.6334082364217775e-12
31.21875	5.4660807130568756e-12
31.25	5.3197103840052495e-12
31.28125	5.158177704411848e-12
31.3125	4.907972032258678e-12
31.34375	4.503012546175356e-12
31.375	3.908877561908941e-12
31.40625	3.142533108735357e-12
31.4375	2.297466687381511e-12
31.46875	1.532466753322026e-12
31.5	9.816233112816541e-13
31.53125	6.6644487237838e-13
31.5625	5.198721769912595e-13
31.59375	4.721833818041588e-13
31.625	4.8089375363769e-13
31.65625	5.102328607363427e-13
31.6875	5.336978146745774e-13
31.71875	5.509008505454049e-13
31.75	5.738081993063304e-13
31.78125	6.062301268622283e-13
31.8125	6.494320055686065e-13
31.84375	7.063709426408105e-13
31.875	7.659385278802056e-13
31.90625	8.036329306009005e-13
31.9375	8.090626692908165e-13
31.96875	7.956080455909231e-13
32.0	7.822110472364974e-13
32.03125	7.79801028437388e-13
32.0625	7.889777156253053e-13
32.09375	8.021905080306257e-13
32.125	8.129698086598025e-13
32.15625	8.253650042068517e-13
32.1875	8.469210575900998e-13
32.21875	8.682775093533934e-13
32.25	8.65569551797285e-13
32.28125	8.334774927523658e-13
32.3125	7.931298304751644e-13
32.34375	7.56227166390927e-13
32.375	7.091191783076267e-13
32.40625	6.432292307297083e-13
32.4375	5.767431887973573e-13
32.46875	5.317883720185046e-13
32.5	5.064781059826995e-13
32.53125	4.842117917562561e-13
32.5625	4.575816179956671e-13
32.59375	4.308240233747568e-13
32.625	4.10814394655179e-13
32.65625	4.031191613157459e-13
32.6875	4.064695899742149e-13
32.71875	4.100392443119605e-13
32.75	4.066614124435819e-13
32.78125	4.051942158536659e-13
32.8125	4.1740436519492607e-13
32.84375	4.3750327796340804e-13
32.875	4.491400469857493e-13
32.90625	4.4687070341851987e-13
32.9375	4.375006758781941e-13
32.96875	4.2771518206537185e-13
33.0	4.2000216781030997e-13
33.03125	4.153175470634346e-13
33.0625	4.140457779151091e-13
33.09375	4.170183621164669e-13
33.125	4.2588355802022915e-13
33.15625	4.372090797039041e-13
33.1875	4.4087959194874515e-13
33.21875	4.3368637132022714e-13
33.25	4.256125345821621e-13
33.28125	4.225701548659505e-13
33.3125	4.160815030192222e-13
33.34375	4.0143325404258523e-13
33.375	3.913512038305339e-13
33.40625	3.978313446902082e-13
33.4375	4.1413964271819204e-13
33.46875	4.3052922880405797e-13
33.5	4.5081573565343425e-13
33.53125	4.756671944348978e-13
33.5625	4.90580666367979e-13
33.59375	4.88200896809482e-13
33.625	4.828692242060673e-13
33.65625	4.874217891283339e-13
33.6875	4.925459996460435e-13
33.71875	4.833996159088472e-13
33.75	4.62505088481141e-13
33.78125	4.4267749730632355e-13
33.8125	4.3030336238647493e-13
33.84375	4.254075390563994e-13
33.875	4.253213991937954e-13
33.90625	4.2423928411049194e-13
33.9375	4.199337275481718e-13
33.96875	4.1967815399106267e-13
34.0	4.294728364172967e-13
34.03125	4.4139705454061817e-13
34.0625	4.4464426715226657e-13
34.09375	4.4358820002615706e-13
34.125	4.496694086964653e-13
34.15625	4.609422110495032e-13
34.1875	4.648967300534268e-13
34.21875	4.6030003810274e-13
34.25	4.607796891438476e-13
34.28125	4.724436987457725e-13
34.3125	4.82484603485378e-13
34.34375	4.780685938267359e-13
34.375	4.64108786124573e-13
34.40625	4.540896467435801e-13
34.4375	4.5378292594898395e-13
34.46875	4.584565691488629e-13
34.5	4.608130283606515e-13
34.53125	4.622976806055445e-13
34.5625	4.738345675027456e-13
34.59375	4.992816056426097e-13
34.625	5.245415646976115e-13
34.65625	5.357965590299663e-13
34.6875	5.409788827841211e-13
34.71875	5.553401163406468e-13
34.75	5.766121629648124e-13
34.78125	5.924379910260402e-13
34.8125	6.013645527727651e-13
34.84375	6.101548303064086e-13
34.875	6.186038552062623e-13
34.90625	6.238017914717009e-13
34.9375	6.314373394815387e-13
34.96875	6.488768940562939e-13
35.0	6.776419161046154e-13
35.03125	7.155796137928161e-13
35.0625	7.559052667659161e-13
35.09375	7.90121332076843e-13
35.125	8.184804830418946e-13
35.15625	8.526211420917251e-13
35.1875	9.044039388922398e-13
35.21875	9.74453265474573e-13
35.25	1.0571222716637685e-12
35.28125	1.1547195491456996e-12
35.3125	1.279210569936351e-12
35.34375	1.4414629429318482e-12
35.375	1.6477746901319423e-12
35.40625	1.9215100430930443e-12
35.4375	2.360849363225448e-12
35.46875	3.2695491279655098e-12
35.5	5.389332209670972e-12
35.53125	1.0010894890832844e-11
35.5625	1.8539961232910684e-11
35.59375	3.1690271934392555e-11
35.625	4.9190321954606375e-11
35.65625	7.02151115028471e-11
35.6875	9.38874950007218e-11
35.71875	1.1953300849132376e-10
35.75	1.4663219249921866e-10
35.78125	1.7452027323283659e-10
35.8125	2.0221184449109586e-10
35.84375	2.285767686238671e-10
35.875	2.5269919490256143e-10
35.90625	2.7405638869382187e-10
35.9375	2.923927489018041e-10
35.96875	3.075167898103359e-10
36.0	3.191866493335027e-10
36.03125	3.2700908647598226e-10
36.0625	3.303597950754522e-10
36.09375	3.287519978467657e-10
36.125	3.228780021125033e-10
36.15625	3.1508828879367456e-10
36.1875	3.0753971591579443e-10
36.21875	2.9944477453192064e-10
36.25	2.873436488748382e-10
36.28125	2.6812155273781e-10
36.3125	2.402382737187736e-10
36.34375	2.025471873556839e-10
36.375	1.5524979912751036e-10
36.40625	1.0367476321881952e-10
36.4375	5.8152409970757546e-11
36.46875	2.698876885864898e-11
36.5	1.0674611368444165e-11
36.53125	4.055864151475408e-12
36.5625	1.8706258330530856e-12
36.59375	1.233700750065403e-12
36.625	1.0654927461162256e-12
36.65625	1.0409556246496199e-12
36.6875	1.068561255104794e-12
36.71875	1.1272254830940742e-12
36.75	1.2136096164475085e-12
36.78125	1.3177605708014628e-12
36.8125	1.4254916691491815e-12
36.84375	1.5305405597423882e-12
36.875	1.6339941552589998e-12
36.90625	1.741577151589957e-12
36.9375	1.8591983421550884e-12
36.96875	1.9794055717420322e-12
37.0	2.0819847582065343e-12
37.03125	2.15478286255677e-12
37.0625	2.1998212713231213e-12
37.09375	2.2217408034846953e-12
37.125	2.229389199290277e-12
37.15625	2.2421324779448026e-12
37.1875	2.2753170875189355e-12
37.21875	2.3210331226430903e-12
37.25	2.3558969445419686e-12
37.28125	2.3629128168001223e-12
37.3125	2.334698623665532e-12
37.34375	2.272014824541979e-12
37.375	2.1912899012682674e-12
37.40625	2.1164680251428702e-12
37.4375	2.0747672243442983e-12
37.46875	2.1414608367825716e-12
37.5	2.491932224804594e-12
37.53125	3.3684164398722904e-12
37.5625	4.9556851677845515e-12
37.59375	7.306632729409124e-12
37.625	1.0405968621507444e-11
37.65625	1.421737987755689e-11
37.6875	1.862454808432279e-11
37.71875	2.342196922522355e-11
37.75	2.839814841615329e-11
37.78125	3.3392462406300893e-11
37.8125	3.830208372690436e-11
37.84375	4.307156367677756e-11
37.875	4.764431210668718e-11
37.90625	5.188192583882589e-11
37.9375	5.555645526955644e-11
37.96875	5.846866046876897e-11
38.0	6.055334011989544e-11
38.03125	6.185134349134813e-11
38.0625	6.241807071205585e-11
38.09375	6.229778498623162e-11
38.125	6.163110299883812e-11
38.15625	6.072782554600309e-11
38.1875	5.982329909226536e-11
38.21875	5.872485830948904e-11
38.25	5.690338478192558e-11
38.28125	5.3916624637162514e-11
38.3125	4.952408969027822e-11
38.34375	4.355016000601175e-11
38.375	3.613222221421353e-11
38.40625	2.8281339076174916e-11
38.4375	2.171537255568623e-11
38.46875	1.765015737731357e-11
38.5	1.597350203497161e-11
38.53125	1.5783400628133215e-11
38.5625	1.6335481578533262e-11
38.59375	1.7350338180066593e-11
38.625	1.8802636531090045e-11
38.65625	2.0672012712719123e-11
38.6875	2.2852502876147263e-11
38.71875	2.520701355979149e-11
38.75	2.7693666804218253e-11
38.78125	3.044183308209547e-11
38.8125	3.366945958149792e-11
38.84375	3.7471682007295115e-11
38.875	4.167370615260069e-11
38.90625	4.601004993665114e-11
38.9375	5.049715853799874e-11
38.96875	5.545781195381849e-11
39.0	6.11544287432153e-11
39.03125	6.76176684089036e-11
39.0625	7.488818593026636e-11
39.09375	8.321351940843158e-11
39.125	9.291281632961557e-11
39.15625	1.0425321717022484e-10
39.1875	1.1760883933398247e-10
39.21875	1.3357989714357643e-10
39.25	1.5287932031426976e-10
39.28125	1.7642440286458339e-10
39.3125	2.0580329107566797e-10
39.34375	2.4368629336635195e-10
39.375	2.943224275409051e-10
39.40625	3.657901204157099e-10
39.4375	4.788793250831702e-10
39.46875	6.930328533272245e-10
39.5	1.1543792588497581e-09
39.53125	2.1280739392892656e-09
39.5625	3.935924031139848e-09
39.59375	6.809577790534149e-09
39.625	1.080479172799187e-08
39.65625	1.5821438381635744e-08
39.6875	2.1641337610844857e-08
39.71875	2.7996419404985318e-08
39.75	3.466748665914565e-08
39.78125	4.150383858814166e-08
39.8125	4.836471134694875e-08
39.84375	5.5084271366467874e-08
39.875	6.147840991843623e-08
39.90625	6.735714919159363e-08
39.9375	7.25500726161954e-08
39.96875	7.694234938071531e-08
40.0	8.04640620799546e-08
40.03125	8.303737075721074e-08
40.0625	8.455865696532783e-08
40.09375	8.493347536386864e-08
40.125	8.416412100586967e-08
40.15625	8.248407112887435e-08
40.1875	8.029097386952344e-08
40.21875	7.768514365125156e-08
40.25	7.415160041546187e-08
40.28125	6.89478696358492e-08
40.3125	6.161086218980927e-08
40.34375	5.191420981986994e-08
40.375	3.9945753371739556e-08
40.40625	2.6873834713114775e-08
40.4375	1.513948433284895e-08
40.46875	6.937595387057627e-09
40.5	2.585829106394044e-09
40.53125	8.267418416529893e-10
40.5625	2.6110483219987657e-10
40.59375	9.995106825533284e-11
40.625	5.177442502501961e-11
40.65625	3.5149803206957486e-11
40.6875	2.940330964817939e-11
40.71875	2.851512428958536e-11
40.75	3.018385888453601e-11
40.78125	3.327915720774399e-11
40.8125	3.705596940406508e-11
40.84375	4.0940303230874164e-11
40.875	4.4602394694281955e-11
40.90625	4.792723509727814e-11
40.9375	5.085002557914109e-11
40.96875	5.330987387641706e-11
41.0	5.524073906637561e-11
41.03125	5.648826198467738e-11
41.0625	5.6851395119350556e-11
41.09375	5.627797186602557e-11
41.125	5.49855265485899e-11
41.15625	5.3388949511345984e-11
41.1875	5.17966954050042e-11
41.21875	5.0042490984392174e-11
41.25	4.7568383260143676e-11
41.28125	4.396314562393755e-11
41.3125	3.918864538432487e-11
41.34375	3.324315822617052e-11
41.375	2.6071176467690194e-11
41.40625	1.816882928828978e-11
41.4375	1.0892248041016739e-11
41.46875	5.6038585230511195e-12
41.5	2.627827426146534e-12
41.53125	1.3102392434904964e-12
41.5625	8.223382370019239e-13
41.59375	6.581682898340602e-13
41.625	6.154143492552444e-13
41.65625	6.239193731973069e-13
41.6875	6.511220057049683e-13
41.71875	6.845542470552968e-13
41.75	7.260384242598061e-13
41.78125	7.754599913589733e-13
41.8125	8.263630123066246e-13
41.84375	8.774434087296945e-13
41.875	9.341953209271447e-13
41.90625	9.940080442777388e-13
41.9375	1.0433892248459808e-12
41.96875	1.0752841759359422e-12
42.0	1.0941303201991714e-12
42.03125	1.1025360312222343e-12
42.0625	1.0963379726627864e-12
42.09375	1.0771371858689371e-12
42.125	1.0597101538292741e-12
42.15625	1.0533105420859612e-12
42.1875	1.0471118330052098e-12
42.21875	1.0283835415181297e-12
42.25	9.997118150667506e-13
42.28125	9.72190210279944e-13
42.3125	9.527043867349483e-13
42.34375	9.343789847751638e-13
42.375	8.972303694280981e-13
42.40625	8.284902711791498e-13
42.4375	7.404857976789359e-13
42.46875	6.57991564879945e-13
42.5	5.930245444013549e-13
42.53125	5.410475127816394e-13
42.5625	4.99070619899844e-13
42.59375	4.784041543991202e-13
42.625	4.928010582071207e-13
42.65625	5.422521698154881e-13
42.6875	6.187876274744986e-13
42.71875	7.18491943458438e-13
42.75	8.375808185044631e-13
42.78125	9.6424203257367e-13
42.8125	1.0852355255761004e-12
42.84375	1.1963837039108416e-12
42.875	1.2992601786110392e-12
42.90625	1.3969831151247614e-12
42.9375	1.493778408259705e-12
42.96875	1.5844733294509417e-12
43.0	1.6527652727318931e-12
43.03125	1.693276920587683e-12
43.0625	1.718804352318637e-12
43.09375	1.7354492409110689e-12
43.125	1.7297965360443812e-12
43.15625	1.6870167372437517e-12
43.1875	1.6160768469969389e-12
43.21875	1.5557689685141707e-12
43.25	1.5375558898994557e-12
43.28125	1.542966817681679e-12
43.3125	1.5214423687917589e-12
43.34375	1.4441800619963141e-12
43.375	1.3210917819764245e-12
43.40625	1.1706890882048904e-12
43.4375	9.98195341488095e-13
43.46875	8.157513293333141e-13
43.5	6.605061549785907e-13
43.53125	5.708906112601719e-13
43.5625	5.627616970517446e-13
43.59375	6.399594938179265e-13
43.625	8.046649826488894e-13
43.65625	1.0453101058349734e-12
43.6875	1.333434122667565e-12
43.71875	1.6475647885913491e-12
43.75	1.9977827985656615e-12
43.78125	2.4126757449532965e-12
43.8125	2.894722222340773e-12
43.84375	3.4062516262450826e-12
43.875	3.901238707082477e-12
43.90625	4.3502948639251304e-12
43.9375	4.743505501586531e-12
43.96875	5.090859157841354e-12
44.0	5.4066200301516876e-12
44.03125	5.6718536117772445e-12
44.0625	5.830668413364659e-12
44.09375	5.849232122961956e-12
44.125	5.76121789164219e-12
44.15625	5.63679615137036e-12
44.1875	5.5290615835756896e-12
44.21875	5.448537888225191e-12
44.25	5.3492574952906935e-12
44.28125	5.145531570271977e-12
44.3125	4.783186867418632e-12
44.34375	4.279808712287503e-12
44.375	3.668295268238753e-12
44.40625	2.9510454409992226e-12
44.4375	2.162895080051741e-12
44.46875	1.428833722345868e-12
44.5	8.856422539782471e-13
44.53125	5.746832046696349e-13
44.5625	4.464145524595009e-13
44.59375	4.252256099318563e-13
44.625	4.496077175928509e-13
44.65625	4.900779760307061e-13
44.6875	5.482479704596588e-13
44.71875	6.279196997430181e-13
44.75	7.171882445561328e-13
44.78125	8.056311694148999e-13
44.8125	8.958048062016055e-13
44.84375	9.915170897864534e-13
44.875	1.091074062695152e-12
44.90625	1.192890729771745e-12
44.9375	1.2989745997588065e-12
44.96875	1.4105489779675517e-12
45.0	1.520647214918458e-12
45.03125	1.6128487434485805e-12
45.0625	1.6724778029511556e-12
45.09375	1.6994359478689214e-12
45.125	1.707853801956316e-12
45.15625	1.7138382726877843e-12
45.1875	1.7180346771963895e-12
45.21875	1.7050409478400197e-12
45.25	1.6656803974307577e-12
45.28125	1.6014164820610244e-12
45.3125	1.5099977474994364e-12
45.34375	1.3916081828546645e-12
45.375	1.2597431778282875e-12
45.40625	1.1253039515837782e-12
45.4375	9.811500570333642e-13
45.46875	8.203323003524998e-13
45.5	6.596598267627485e-13
45.53125	5.294296359821538e-13
45.5625	4.4836351428476084e-13
45.59375	4.160036030931291e-13
45.625	4.173604007968318e-13
45.65625	4.322856363234845e-13
45.6875	4.4934452751548004e-13
45.71875	4.701992376184017e-13
45.75	4.987232415237797e-13
45.78125	5.321843768620049e-13
45.8125	5.645692247036038e-13
45.84375	5.940172941205912e-13
45.875	6.267832932359274e-13
45.90625	6.729072594274799e-13
45.9375	7.342045808128583e-13
45.96875	7.974077127770318e-13
46.0	8.467065481902736e-13
46.03125	8.832353251553293e-13
46.0625	9.18171246498678e-13
46.09375	9.466199525631769e-13
46.125	9.467698977236316e-13
46.15625	9.094640730615555e-13
46.1875	8.559571779663544e-13
46.21875	8.203565322710549e-13
46.25	8.184365728539089e-13
46.28125	8.340538546272591e-13
46.3125	8.335121872218854e-13
46.34375	7.968140036673788e-13
46.375	7.366302121232515e-13
46.40625	6.77647174485152e-13
46.4375	6.234106655379767e-13
46.46875	5.645699294350159e-13
46.5	5.067168473010808e-13
46.53125	4.633115722671444e-13
46.5625	4.3460756369607945e-13
46.59375	4.138539012356335e-13
46.625	4.027507494175353e-13
46.65625	4.0480444517265735e-13
46.6875	4.107096607253169e-13
46.71875	4.066996034651077e-13
46.75	3.9397196442692017e-13
46.78125	3.8503727116390163e-13
46.8125	3.8501455712838806e-13
46.84375	3.875396368830525e-13
46.875	3.8517130565747515e-13
46.90625	3.7595046433608337e-13
46.9375	3.6259772853534933e-13
46.96875	3.5142152859587994e-13
47.0	3.49612808321631e-13
47.03125	3.5997450137902065e-13
47.0625	3.7937873871053684e-13
47.09375	4.007998631334192e-13
47.125	4.144905718563713e-13
47.15625	4.134727499618962e-13
47.1875	4.0333464649752737e-13
47.21875	3.998121549542849e-13
47.25	4.1021225587363486e-13
47.28125	4.2239470384938804e-13
47.3125	4.2089517092967765e-13
47.34375	4.1162762759970606e-13
47.375	4.1403767350386977e-13
47.40625	4.2810037199220163e-13
47.4375	4.3211224529104975e-13
47.46875	4.175506511730487e-13
47.5	4.035477735395837e-13
47.53125	4.0732323655472136e-13
47.5625	4.1921273310346896e-13
47.59375	4.2052665061124983e-13
47.625	4.120339052587907e-13
47.65625	4.106794927998675e-13
47.6875	4.2786285040126437e-13
47.71875	4.626264107042422e-13
47.75	5.106006763233584e-13
47.78125	5.701722731107917e-13
47.8125	6.397980019043348e-13
47.84375	7.148283158973923e-13
47.875	7.892147222202106e-13
47.90625	8.561039247304003e-13
47.9375	9.09964378154049e-13
47.96875	9.529553795378787e-13
48.0	9.908763263025144e-13
48.03125	1.0263352667738701e-12
48.0625	1.0634141137111364e-12
48.09375	1.105646932515747e-12
48.125	1.1432354628942987e-12
48.15625	1.1560301327318001e-12
48.1875	1.1363406960188116e-12
48.21875	1.096616504200898e-12
48.25	1.049162926675118e-12
48.28125	9.957918821121292e-13
48.3125	9.39541630259888e-13
48.34375	8.829171660278134e-13
48.375	8.132318061147836e-13
48.40625	7.163477710320221e-13
48.4375	6.064215427557806e-13
48.46875	5.163645119127258e-13
48.5	4.604074283279247e-13
48.53125	4.307693795852635e-13
48.5625	4.2473443924266607e-13
48.59375	4.5033611171738097e-13
48.625	5.105118801654318e-13
48.65625	5.997578735733589e-13
48.6875	7.172561156121304e-13
48.71875	8.744495470607017e-13
48.75	1.0840137381479265e-12
48.78125	1.3417139578184023e-12
48.8125	1.6246539703834717e-12
48.84375	1.9081045337515645e-12
48.875	2.1790301767826703e-12
48.90625	2.4356248354978627e-12
48.9375	2.6747315300112984e-12
48.96875	2.8803888527800803e-12
49.0	3.034448994160277e-12
49.03125	3.1356232714496723e-12
49.0625	3.1941545762526058e-12
49.09375	3.215577326978747e-12
49.125	3.205120630705993e-12
49.15625	3.1742824514735535e-12
49.1875	3.136444879855982e-12
49.21875	3.1068741329631777e-12
49.25	3.0857536578027256e-12
49.28125	3.0318768329262724e-12
49.3125	2.89045480258987e-12
49.34375	2.6526615105881834e-12
49.375	2.3527954758073566e-12
49.40625	2.011280681932237e-12
49.4375	1.6235691176896827e-12
49.46875	1.2143338634987288e-12
49.5	8.586545103411725e-13
49.53125	6.210955144289598e-13
49.5625	5.076661205132005e-13
49.59375	5.027714898055147e-13
49.625	6.133373431534139e-13
49.65625	8.461956179164898e-13
49.6875	1.1755620348691265e-12
49.71875	1.5693832951940712e-12
49.75	2.0278002367535297e-12
49.78125	2.561321163843666e-12
49.8125	3.1507359655319478e-12
49.84375	3.76259570375459e-12
49.875	4.38482410103358e-12
49.90625	5.017078332641978e-12
49.9375	5.641844630366322e-12
49.96875	6.222854696813496e-12
50.0	6.7188411952134874e-12
50.03125	7.100610030508214e-12
50.0625	7.366450331669494e-12
50.09375	7.53465172198542e-12
50.125	7.620683598053013e-12
50.15625	7.624467897315856e-12
50.1875	7.541965316160137e-12
50.21875	7.385607750376444e-12
50.25	7.175098622885789e-12
50.28125	6.911268866233167e-12
50.3125	6.573609278442971e-12
50.34375	6.130686236449634e-12
50.375	5.546829922459251e-12
50.40625	4.790810543414681e-12
50.4375	3.857060938000645e-12
50.46875	2.816449547540789e-12
50.5	1.8399125539109162e-12
50.53125	1.1094222329005587e-12
50.5625	6.922407525672414e-13
50.59375	5.255398438479275e-13
50.625	5.024834714983939e-13
50.65625	5.466069762614933e-13
50.6875	6.253453701046685e-13
50.71875	7.322167503397148e-13
50.75	8.705303730476011e-13
50.78125	1.0433563735201545e-12
50.8125	1.2455097717078978e-12
50.84375	1.4626088968433537e-12
50.875	1.6780013793391002e-12
50.90625	1.8814249203719102e-12
50.9375	2.0715549501476582e-12
50.96875	2.2479388142593315e-12
