Mass	Ion Current
1.0	6.827513554519271e-11
1.03125	6.855596645927164e-11
1.0625	7.028079507254148e-11
1.09375	7.442228083798241e-11
1.125	8.160304376669814e-11
1.15625	9.149111329653792e-11
1.1875	1.0273683292982838e-10
1.21875	1.1362798202352309e-10
1.25	1.2257030113094203e-10
1.28125	1.2776579794149256e-10
1.3125	1.2695254569816683e-10
1.34375	1.1833406476924324e-10
1.375	1.0248601273188385e-10
1.40625	8.336551587939667e-11
1.4375	6.670579366652163e-11
1.46875	5.6913352503018544e-11
1.5	5.5474614485406804e-11
1.53125	6.19722259620481e-11
1.5625	7.606209412314158e-11
1.59375	9.858609761881354e-11
1.625	1.3133556742150887e-10
1.65625	1.757281126169019e-10
1.6875	2.3144806904351611e-10
1.71875	2.9681943014558954e-10
1.75	3.7061678725969216e-10
1.78125	4.525443075831248e-10
1.8125	5.419555360042239e-10
1.84375	6.373631622480502e-10
1.875	7.374162946938156e-10
1.90625	8.417344599109811e-10
1.9375	9.505738418624787e-10
1.96875	1.0633303126894589e-09
2.0	1.1765227680982093e-09
2.03125	1.2828778039875033e-09
2.0625	1.3733609804944535e-09
2.09375	1.44090117615292e-09
2.125	1.4812709947520375e-09
2.15625	1.4911463175337758e-09
2.1875	1.4701350137258373e-09
2.21875	1.426833873274802e-09
2.25	1.3759020589532156e-09
2.28125	1.3209608962228003e-09
2.3125	1.2424402617838837e-09
2.34375	1.1088300277961594e-09
2.375	9.035948100866165e-10
2.40625	6.47257802910417e-10
2.4375	3.9474551405405123e-10
2.46875	2.01174604752552e-10
2.5	8.59754420434733e-11
2.53125	3.2094594343279326e-11
2.5625	1.1584139897324874e-11
2.59375	4.762961726412218e-12
2.625	2.5534184142084193e-12
2.65625	1.7762130741921789e-12
2.6875	1.4553032173444946e-12
2.71875	1.3007518239599447e-12
2.75	1.2285872189390923e-12
2.78125	1.1932297597910813e-12
2.8125	1.1558213153933794e-12
2.84375	1.1117496897042334e-12
2.875	1.0843865952750442e-12
2.90625	1.0819263237052401e-12
2.9375	1.0856267057199331e-12
2.96875	1.0806181253639191e-12
3.0	1.074057943278861e-12
3.03125	1.0793339963108273e-12
3.0625	1.0987223500805166e-12
3.09375	1.122546608618713e-12
3.125	1.1353888749315866e-12
3.15625	1.1277064351777888e-12
3.1875	1.107535287439565e-12
3.21875	1.0916164890420466e-12
3.25	1.0838898138396114e-12
3.28125	1.071731570677359e-12
3.3125	1.0390034102178425e-12
3.34375	9.793448604161759e-13
3.375	9.021620256399743e-13
3.40625	8.23797627336198e-13
3.4375	7.539984804051658e-13
3.46875	6.955838357559918e-13
3.5	6.524407208073624e-13
3.53125	6.325633918578821e-13
3.5625	6.39080314276258e-13
3.59375	6.591494385900509e-13
3.625	6.770942313771844e-13
3.65625	6.928656324893534e-13
3.6875	7.07440995974945e-13
3.71875	7.088718175819742e-13
3.75	6.942853952342232e-13
3.78125	6.833719245862013e-13
3.8125	6.898926417121809e-13
3.84375	6.989480608871057e-13
3.875	6.890415430067798e-13
3.90625	6.615604873812242e-13
3.9375	6.348699235596278e-13
3.96875	6.231188525232523e-13
4.0	6.294959670714861e-13
4.03125	6.465444499226258e-13
4.0625	6.617087520283116e-13
4.09375	6.700493567109167e-13
4.125	6.779654420328851e-13
4.15625	6.934682320568208e-13
4.1875	7.137933365035376e-13
4.21875	7.274334129850346e-13
4.25	7.299558093393221e-13
4.28125	7.260003687635519e-13
4.3125	7.157847448438504e-13
4.34375	6.915476221183714e-13
4.375	6.498005258870343e-13
4.40625	6.02437587662874e-13
4.4375	5.69860727616528e-13
4.46875	5.59635779558143e-13
4.5	5.592872085596889e-13
4.53125	5.552562533026051e-13
4.5625	5.50291257873925e-13
4.59375	5.542314111990632e-13
4.625	5.634515748940971e-13
4.65625	5.627624559932654e-13
4.6875	5.494710589304397e-13
4.71875	5.421699872908137e-13
4.75	5.555103360817271e-13
4.78125	5.775594846130216e-13
4.8125	5.883357494761154e-13
4.84375	5.869550180094552e-13
4.875	5.818559067720386e-13
4.90625	5.720825831286025e-13
4.9375	5.572795913968975e-13
4.96875	5.468833936053685e-13
5.0	5.439379957734858e-13
5.03125	5.39340436461061e-13
5.0625	5.295304667841949e-13
5.09375	5.22299217764477e-13
5.125	5.220529412409969e-13
5.15625	5.22463691234043e-13
5.1875	5.160413112451079e-13
5.21875	5.035367739089636e-13
5.25	4.93319848946655e-13
5.28125	4.944089300289167e-13
5.3125	5.090760170183006e-13
5.34375	5.296596494730466e-13
5.375	5.426788575804697e-13
5.40625	5.407773838103647e-13
5.4375	5.302960761482955e-13
5.46875	5.216462570060976e-13
5.5	5.170923368311153e-13
5.53125	5.149721794828199e-13
5.5625	5.185728148976443e-13
5.59375	5.301163154280975e-13
5.625	5.417798913491534e-13
5.65625	5.446500455502656e-13
5.6875	5.410284308234037e-13
5.71875	5.388273919930409e-13
5.75	5.407732638421092e-13
5.78125	5.425568306259565e-13
5.8125	5.374367400765023e-13
5.84375	5.235329314165482e-13
5.875	5.078600842818581e-13
5.90625	5.024289361291179e-13
5.9375	5.112809589764844e-13
5.96875	5.217851975145016e-13
6.0	5.236084460978618e-13
6.03125	5.282457956300168e-13
6.0625	5.457541428326163e-13
6.09375	5.604509911716349e-13
6.125	5.568515483792003e-13
6.15625	5.480584519199083e-13
6.1875	5.531865655654389e-13
6.21875	5.647777709914814e-13
6.25	5.610968504057845e-13
6.28125	5.395719678349953e-13
6.3125	5.158052804321578e-13
6.34375	4.982619134993871e-13
6.375	4.845109231356448e-13
6.40625	4.734817139057101e-13
6.4375	4.655808074141565e-13
6.46875	4.58929660766827e-13
6.5	4.583540036233458e-13
6.53125	4.746702163271888e-13
6.5625	5.017719096125917e-13
6.59375	5.169531252721682e-13
6.625	5.143477332415769e-13
6.65625	5.107175533175523e-13
6.6875	5.147584290245144e-13
6.71875	5.198352056971778e-13
6.75	5.263811847337763e-13
6.78125	5.406687467526816e-13
6.8125	5.530492513602936e-13
6.84375	5.453512533053206e-13
6.875	5.171310970587817e-13
6.90625	4.844899438236072e-13
6.9375	4.60633321850562e-13
6.96875	4.5059759417633016e-13
7.0	4.5293879324254105e-13
7.03125	4.589363286101877e-13
7.0625	4.608465302077813e-13
7.09375	4.628471542665602e-13
7.125	4.737103179337787e-13
7.15625	4.908078067231147e-13
7.1875	5.058273678387737e-13
7.21875	5.198582449933431e-13
7.25	5.345301024722859e-13
7.28125	5.393592473687536e-13
7.3125	5.272828072604152e-13
7.34375	5.125915967726935e-13
7.375	5.13159989761619e-13
7.40625	5.224718227503367e-13
7.4375	5.201923961029031e-13
7.46875	5.026536370293655e-13
7.5	4.828790362357283e-13
7.53125	4.687106280355791e-13
7.5625	4.583653877461569e-13
7.59375	4.512046931828134e-13
7.625	4.4799770447176424e-13
7.65625	4.4577774631349154e-13
7.6875	4.4381590958743333e-13
7.71875	4.4782420501911224e-13
7.75	4.601332335985031e-13
7.78125	4.748543680661854e-13
7.8125	4.874987132724717e-13
7.84375	4.980149322444949e-13
7.875	5.033792393333014e-13
7.90625	5.013491791855396e-13
7.9375	5.0157968056741e-13
7.96875	5.171561421289661e-13
8.0	5.421413643534601e-13
8.03125	5.527175397056217e-13
8.0625	5.366085180369407e-13
8.09375	5.065203898674264e-13
8.125	4.798471190704812e-13
8.15625	4.609583114517646e-13
8.1875	4.4708919726133e-13
8.21875	4.386136907234134e-13
8.25	4.3814195435816494e-13
8.28125	4.459512186610892e-13
8.3125	4.591053015187696e-13
8.34375	4.720071447410212e-13
8.375	4.833568983432512e-13
8.40625	5.001573157373262e-13
8.4375	5.213387230598721e-13
8.46875	5.289511775634359e-13
8.5	5.122569577721559e-13
8.53125	4.882385186248672e-13
8.5625	4.803333837448409e-13
8.59375	4.852959939287416e-13
8.625	4.818024234784501e-13
8.65625	4.63538875252606e-13
8.6875	4.4268443620022746e-13
8.71875	4.30196731102811e-13
8.75	4.281295370306415e-13
8.78125	4.313537645562332e-13
8.8125	4.300500114438194e-13
8.84375	4.2173751470253595e-13
8.875	4.199276018058973e-13
8.90625	4.368747659640182e-13
8.9375	4.619791420072683e-13
8.96875	4.743230547915589e-13
9.0	4.71143360870202e-13
9.03125	4.666443555352562e-13
9.0625	4.695757671591139e-13
9.09375	4.751887360161799e-13
9.125	4.751568062622002e-13
9.15625	4.685855653149829e-13
9.1875	4.615410159093669e-13
9.21875	4.578456212246673e-13
9.25	4.568034318863656e-13
9.28125	4.593795504582998e-13
9.3125	4.689167890786772e-13
9.34375	4.826253329273666e-13
9.375	4.875995440745129e-13
9.40625	4.725690325169118e-13
9.4375	4.4191191504727723e-13
9.46875	4.137038747600158e-13
9.5	4.040020000397465e-13
9.53125	4.127947712383867e-13
9.5625	4.273604853246432e-13
9.59375	4.394169490079536e-13
9.625	4.509869311764697e-13
9.65625	4.640844999959093e-13
9.6875	4.761498270319797e-13
9.71875	4.850641372941555e-13
9.75	4.901570143690803e-13
9.78125	4.892672638562301e-13
9.8125	4.79625237095882e-13
9.84375	4.628853181830317e-13
9.875	4.4595891649651387e-13
9.90625	4.3540569912535465e-13
9.9375	4.346927548817825e-13
9.96875	4.431698064077949e-13
10.0	4.51471244286919e-13
10.03125	4.456800325926963e-13
10.0625	4.256737920049075e-13
10.09375	4.103351501898861e-13
10.125	4.146500579959439e-13
10.15625	4.354116622373033e-13
10.1875	4.633514709070918e-13
10.21875	4.894041443805064e-13
10.25	5.031037435612729e-13
10.28125	5.032891421327679e-13
10.3125	5.021041633683498e-13
10.34375	5.061655847064805e-13
10.375	5.064002060566064e-13
10.40625	4.964736846461981e-13
10.4375	4.830743552571015e-13
10.46875	4.702192953585926e-13
10.5	4.545135155829133e-13
10.53125	4.379772911532187e-13
10.5625	4.276000668997082e-13
10.59375	4.23473647641337e-13
10.625	4.2057874652563776e-13
10.65625	4.2062758983350823e-13
10.6875	4.304386166074925e-13
10.71875	4.4808389854447683e-13
10.75	4.632323170883357e-13
10.78125	4.725700082988671e-13
10.8125	4.785849451113822e-13
10.84375	4.772088757140636e-13
10.875	4.676957063819154e-13
10.90625	4.645722283432019e-13
10.9375	4.777825270835256e-13
10.96875	4.920372377766047e-13
11.0	4.853586066042026e-13
11.03125	4.585631462224182e-13
11.0625	4.2990340020504503e-13
11.09375	4.131156950814424e-13
11.125	4.1216867158883064e-13
11.15625	4.2290427887045623e-13
11.1875	4.341753465000181e-13
11.21875	4.369906942813112e-13
11.25	4.345534349026181e-13
11.28125	4.38385710111594e-13
11.3125	4.5443076385209835e-13
11.34375	4.791532838901991e-13
11.375	5.068438615855875e-13
11.40625	5.338801774799895e-13
11.4375	5.634798183606904e-13
11.46875	6.213068796424859e-13
11.5	7.762781845284394e-13
11.53125	1.141695787389152e-12
11.5625	1.834536645858864e-12
11.59375	2.9101567076278423e-12
11.625	4.325147445055633e-12
11.65625	5.963658386565207e-12
11.6875	7.707509977472604e-12
11.71875	9.48095421615669e-12
11.75	1.1230854787824818e-11
11.78125	1.2907119817384682e-11
11.8125	1.4481627702567224e-11
11.84375	1.5939596864633643e-11
11.875	1.7251242101501418e-11
11.90625	1.83944057902119e-11
11.9375	1.938553484404082e-11
11.96875	2.0253439550477204e-11
12.0	2.098321863486241e-11
12.03125	2.1480716511090847e-11
12.0625	2.161189803506769e-11
12.09375	2.132579182689831e-11
12.125	2.0741828393733286e-11
12.15625	2.0083946658533414e-11
12.1875	1.9494785993834363e-11
12.21875	1.8900851370129423e-11
12.25	1.8101808246795414e-11
12.28125	1.696570488263216e-11
12.3125	1.542090413697572e-11
12.34375	1.3322376188340534e-11
12.375	1.0574477925240355e-11
12.40625	7.452766702387148e-12
12.4375	4.598266645922111e-12
12.46875	2.5648433030212026e-12
12.5	1.4593109706750873e-12
12.53125	1.044888134349442e-12
12.5625	1.0574367987140065e-12
12.59375	1.3656033769071652e-12
12.625	1.930283840753666e-12
12.65625	2.705502488709044e-12
12.6875	3.5944918916341884e-12
12.71875	4.49639197402929e-12
12.75	5.369763661500215e-12
12.78125	6.2118791013809904e-12
12.8125	6.9977556735323354e-12
12.84375	7.694616645237407e-12
12.875	8.316243527151101e-12
12.90625	8.902483784878346e-12
12.9375	9.45236684063433e-12
12.96875	9.932724781558377e-12
13.0	1.0335059197341678e-11
13.03125	1.06616868111864e-11
13.0625	1.087865648258246e-11
13.09375	1.0931651417411814e-11
13.125	1.0807910122423436e-11
13.15625	1.0569585137676363e-11
13.1875	1.0317012001659354e-11
13.21875	1.0094275242067408e-11
13.25	9.831179273445123e-12
13.28125	9.412570549371946e-12
13.3125	8.764993938981114e-12
13.34375	7.834267089223967e-12
13.375	6.588606830254529e-12
13.40625	5.140420207550012e-12
13.4375	3.8017432084369585e-12
13.46875	2.9582629748614586e-12
13.5	2.9606276197996495e-12
13.53125	4.253270045190272e-12
13.5625	7.556497962080133e-12
13.59375	1.3644870823503741e-11
13.625	2.270017160355131e-11
13.65625	3.3941079113919415e-11
13.6875	4.609480505624042e-11
13.71875	5.8190962465287654e-11
13.75	6.981076133838471e-11
13.78125	8.084362346227891e-11
13.8125	9.125531580389534e-11
13.84375	1.0098227809507421e-10
13.875	1.098884733208294e-10
13.90625	1.1778177044785565e-10
13.9375	1.2449351272092457e-10
13.96875	1.2995363118939451e-10
14.0	1.341513150565632e-10
14.03125	1.3698416012619674e-10
14.0625	1.3815130983640955e-10
14.09375	1.3732408266076135e-10
14.125	1.3456732950167805e-10
14.15625	1.3060098835726563e-10
14.1875	1.2641658553302904e-10
14.21875	1.2230969015369908e-10
14.25	1.1737030791714176e-10
14.28125	1.1015251905055479e-10
14.3125	9.95650784041402e-11
14.34375	8.49724249296635e-11
14.375	6.64315408238636e-11
14.40625	4.583803475677328e-11
14.4375	2.70740912328149e-11
14.46875	1.366531800911508e-11
14.5	6.383589403607948e-12
14.53125	3.640790793846271e-12
14.5625	3.586767384836098e-12
14.59375	5.288912537093626e-12
14.625	8.4955202594994e-12
14.65625	1.3010047032746552e-11
14.6875	1.8382536812189265e-11
14.71875	2.4016691413386582e-11
14.75	2.949099298099611e-11
14.78125	3.472056669950874e-11
14.8125	3.9774968041417225e-11
14.84375	4.459704133763509e-11
14.875	4.900307590260944e-11
14.90625	5.29449054043063e-11
14.9375	5.656922846819512e-11
14.96875	5.994135743314644e-11
15.0	6.287773079982628e-11
15.03125	6.507927530208235e-11
15.0625	6.628353421689326e-11
15.09375	6.631387106104114e-11
15.125	6.51585660427223e-11
15.15625	6.310675593201864e-11
15.1875	6.074320213489415e-11
15.21875	5.85695797417074e-11
15.25	5.649916992589432e-11
15.28125	5.3895287538408e-11
15.3125	5.011252177111736e-11
15.34375	4.4714027619408014e-11
15.375	3.73669706288382e-11
15.40625	2.8250962333387086e-11
15.4375	1.869402375953566e-11
15.46875	1.074043284865489e-11
15.5	5.758625781088211e-12
15.53125	3.758403310794023e-12
15.5625	4.02607287786072e-12
15.59375	5.934852002204005e-12
15.625	9.069084025425944e-12
15.65625	1.3020057254564676e-11
15.6875	1.7390170900521973e-11
15.71875	2.194718885795144e-11
15.75	2.6606434069820217e-11
15.78125	3.124507944041177e-11
15.8125	3.5648105994878776e-11
15.84375	3.961694167164964e-11
15.875	4.305061515608166e-11
15.90625	4.6004616782724383e-11
15.9375	4.865416056154537e-11
15.96875	5.1069749124055264e-11
16.0	5.3082004070059696e-11
16.03125	5.441618683432736e-11
16.0625	5.4886789557784255e-11
16.09375	5.445340706122792e-11
16.125	5.321871762720143e-11
16.15625	5.148418844025393e-11
16.1875	4.966863725863746e-11
16.21875	4.7947042169926846e-11
16.25	4.599779585001684e-11
16.28125	4.3243218034172415e-11
16.3125	3.925256994441462e-11
16.34375	3.382283342290293e-11
16.375	2.7005122096857015e-11
16.40625	1.9438037984764733e-11
16.4375	1.2444062273686551e-11
16.46875	7.37617085466713e-12
16.5	4.917951462735104e-12
16.53125	5.21579567730468e-12
16.5625	8.4675712622162e-12
16.59375	1.501063683073678e-11
16.625	2.4845027077335935e-11
16.65625	3.7325663393428243e-11
16.6875	5.139910372320422e-11
16.71875	6.60513102546112e-11
16.75	8.055065642276205e-11
16.78125	9.446596976880883e-11
16.8125	1.0762163382693757e-10
16.84375	1.20006546366902e-10
16.875	1.315829945003344e-10
16.90625	1.421491396813579e-10
16.9375	1.5143068743395105e-10
16.96875	1.5924860041760525e-10
17.0	1.6549621395522962e-10
17.03125	1.698938489891333e-10
17.0625	1.7176543520847076e-10
17.09375	1.7031027976788238e-10
17.125	1.6558589222004372e-10
17.15625	1.5913668993672303e-10
17.1875	1.5289010335539643e-10
17.21875	1.4719089835857346e-10
17.25	1.4049422736306383e-10
17.28125	1.3103872154029972e-10
17.3125	1.1793399590231957e-10
17.34375	1.0060172139780832e-10
17.375	7.890591652293111e-11
17.40625	5.497409819033017e-11
17.4375	3.3570431157148306e-11
17.46875	1.9233893991388307e-11
17.5	1.3816064611815726e-11
17.53125	1.7731746626559186e-11
17.5625	3.2466484362059234e-11
17.59375	6.042968903052781e-11
17.625	1.024980031405498e-10
17.65625	1.5645386375329196e-10
17.6875	2.1797813554158552e-10
17.71875	2.8287516773417565e-10
17.75	3.4828720463231377e-10
17.78125	4.124180719156101e-10
17.8125	4.73898198460887e-10
17.84375	5.315110018777602e-10
17.875	5.841661598893211e-10
17.90625	6.309846534158225e-10
17.9375	6.715268896506643e-10
17.96875	7.058322260000693e-10
18.0	7.337263574491715e-10
18.03125	7.536785084916175e-10
18.0625	7.625473585903819e-10
18.09375	7.573561777718396e-10
18.125	7.384832745316317e-10
18.15625	7.114607791791627e-10
18.1875	6.839167010497249e-10
18.21875	6.586688972021193e-10
18.25	6.305528876815458e-10
18.28125	5.913486367248311e-10
18.3125	5.35724131722759e-10
18.34375	4.609404524735794e-10
18.375	3.661431435819651e-10
18.40625	2.582492553138138e-10
18.4375	1.5564620425845277e-10
18.46875	7.829323300789781e-11
18.5	3.32672708824866e-11
18.53125	1.3266896262131844e-11
18.5625	6.739192971033647e-12
18.59375	5.78219893840326e-12
18.625	6.93143806240748e-12
18.65625	9.017250487963757e-12
18.6875	1.1589217432939058e-11
18.71875	1.437032871171029e-11
18.75	1.7188693177128123e-11
18.78125	1.9977686172012454e-11
18.8125	2.2715456252098143e-11
18.84375	2.5387426536016555e-11
18.875	2.802362508713685e-11
18.90625	3.065622408704449e-11
18.9375	3.318999935997269e-11
18.96875	3.542559648406218e-11
19.0	3.723445163306138e-11
19.03125	3.867194411921737e-11
19.0625	3.993088845688497e-11
19.09375	4.116697260858615e-11
19.125	4.2445529729873144e-11
19.15625	4.3912384145583516e-11
19.1875	4.581572621287222e-11
19.21875	4.828946617574381e-11
19.25	5.1305806825219236e-11
19.28125	5.4857542119979286e-11
19.3125	5.906446165493406e-11
19.34375	6.417713582784756e-11
19.375	7.081185637858312e-11
19.40625	8.100269760502599e-11
19.4375	1.0177651083020933e-10
19.46875	1.5485912552293257e-10
19.5	2.9297886339207935e-10
19.53125	6.082578329902333e-10
19.5625	1.2081157185761526e-09
19.59375	2.1627994950534912e-09
19.625	3.472986342956119e-09
19.65625	5.093406585388038e-09
19.6875	6.977212141379141e-09
19.71875	9.065023398591165e-09
19.75	1.1229745133789493e-08
19.78125	1.3299701784319495e-08
19.8125	1.5163017508257326e-08
19.84375	1.6801585900338978e-08
19.875	1.82343899979287e-08
19.90625	1.9476484425240415e-08
19.9375	2.0537241240958792e-08
19.96875	2.1415186068907133e-08
20.0	2.207742966220394e-08
20.03125	2.2452647741033616e-08
20.0625	2.246143004924761e-08
20.09375	2.207760729788788e-08
20.125	2.1394715332689884e-08
20.15625	2.0618662333049542e-08
20.1875	1.9905861847746564e-08
20.21875	1.917824299368931e-08
20.25	1.817518757718517e-08
20.28125	1.668192517456646e-08
20.3125	1.4606266418581981e-08
20.34375	1.1906625907442958e-08
20.375	8.692277120303515e-09
20.40625	5.433084648842623e-09
20.4375	2.801527454465713e-09
20.46875	1.1699005098009252e-09
20.5	3.9997077871944953e-10
20.53125	1.1907573538305627e-10
20.5625	3.5664849545868904e-11
20.59375	1.3015003137717418e-11
20.625	6.189127769312686e-12
20.65625	3.539352188067224e-12
20.6875	2.2569470164296446e-12
20.71875	1.56100273766141e-12
20.75	1.1734472985316935e-12
20.78125	9.63759996287783e-13
20.8125	8.499471742737241e-13
20.84375	7.844055808538253e-13
20.875	7.471507679039646e-13
20.90625	7.23250344163151e-13
20.9375	6.955489786561464e-13
20.96875	6.574443680434916e-13
21.0	6.177484739022798e-13
21.03125	5.882100904443244e-13
21.0625	5.731724773624935e-13
21.09375	5.719509609848628e-13
21.125	5.824264681653091e-13
21.15625	6.023743786762181e-13
21.1875	6.297489656484356e-13
21.21875	6.580720668912521e-13
21.25	6.769567545417132e-13
21.28125	6.824188566664779e-13
21.3125	6.773074939445123e-13
21.34375	6.602425854304594e-13
21.375	6.31168782603414e-13
21.40625	6.053972969634336e-13
21.4375	5.989750796048243e-13
21.46875	6.073296162853459e-13
21.5	6.207630980428758e-13
21.53125	6.526200478466915e-13
21.5625	7.292441932434113e-13
21.59375	8.524962420014548e-13
21.625	9.989718470840292e-13
21.65625	1.1576506897190142e-12
21.6875	1.3335084989365975e-12
21.71875	1.5178716573568951e-12
21.75	1.6937425854207655e-12
21.78125	1.862770354632559e-12
21.8125	2.0313356031975704e-12
21.84375	2.1847122635282323e-12
21.875	2.303706704565034e-12
21.90625	2.3849104115181152e-12
21.9375	2.435601850411806e-12
21.96875	2.4774253828963033e-12
22.0	2.5422348687992313e-12
22.03125	2.6315004862664804e-12
22.0625	2.6952366120186477e-12
22.09375	2.681242597737943e-12
22.125	2.5980253105101214e-12
22.15625	2.5053177848261e-12
22.1875	2.4452091827026345e-12
22.21875	2.4028919045487873e-12
22.25	2.3374574845136387e-12
22.28125	2.2210833432873e-12
22.3125	2.035078485937425e-12
22.34375	1.7676140499217619e-12
22.375	1.4389582190729722e-12
22.40625	1.1070147619765547e-12
22.4375	8.351549703536354e-13
22.46875	6.530980183744317e-13
22.5	5.445911733722997e-13
22.53125	4.750647574977562e-13
22.5625	4.272049836280545e-13
22.59375	4.0307739242705087e-13
22.625	4.005130916587968e-13
22.65625	4.027419944849925e-13
22.6875	3.9622848730345994e-13
22.71875	3.8894579289065756e-13
22.75	3.979208997896555e-13
22.78125	4.2383915929873617e-13
22.8125	4.5330029335190203e-13
22.84375	4.789913040856297e-13
22.875	5.003556163146738e-13
22.90625	5.119031826032738e-13
22.9375	5.084795431931077e-13
22.96875	4.960816371406274e-13
23.0	4.839509869236647e-13
23.03125	4.744675789411512e-13
23.0625	4.672303668094846e-13
23.09375	4.615454611382741e-13
23.125	4.5229008797768866e-13
23.15625	4.3545549111012605e-13
23.1875	4.178501891282521e-13
23.21875	4.085374887777965e-13
23.25	4.052748804952988e-13
23.28125	4.033608028749386e-13
23.3125	4.0869190627221275e-13
23.34375	4.2635049679086434e-13
23.375	4.434464948022132e-13
23.40625	4.4190104592049806e-13
23.4375	4.2518750022549345e-13
23.46875	4.13707886308054e-13
23.5	4.1862536657652494e-13
23.53125	4.356998973848586e-13
23.5625	4.605690286617337e-13
23.59375	4.996323450454088e-13
23.625	5.667493384320377e-13
23.65625	6.716582585247766e-13
23.6875	8.068510052791633e-13
23.71875	9.48741302533862e-13
23.75	1.0767430783792387e-12
23.78125	1.187726891664631e-12
23.8125	1.2926591221040784e-12
23.84375	1.4016552675466531e-12
23.875	1.5163455343789045e-12
23.90625	1.6325558526569806e-12
23.9375	1.7341859285396888e-12
23.96875	1.7967833167500946e-12
24.0	1.8165902809785806e-12
24.03125	1.8151090439705309e-12
24.0625	1.8069473868564945e-12
24.09375	1.7879485869273792e-12
24.125	1.7565610424541411e-12
24.15625	1.7238254009996345e-12
24.1875	1.6967316223900908e-12
24.21875	1.6676070246912644e-12
24.25	1.6251948788473247e-12
24.28125	1.562310502321862e-12
24.3125	1.4680360876581644e-12
24.34375	1.3265753513042045e-12
24.375	1.131969626540219e-12
24.40625	9.071586255619823e-13
24.4375	7.01648971129093e-13
24.46875	5.574429806642911e-13
24.5	4.886435223463992e-13
24.53125	4.977152587640199e-13
24.5625	5.91021318257362e-13
24.59375	7.796169851186086e-13
24.625	1.073291087082262e-12
24.65625	1.4620280897395532e-12
24.6875	1.9098102006093187e-12
24.71875	2.385931079443293e-12
24.75	2.8863380869409427e-12
24.78125	3.407836079299953e-12
24.8125	3.9205149543475315e-12
24.84375	4.380690254990327e-12
24.875	4.76624642531398e-12
24.90625	5.091933819034722e-12
24.9375	5.3864269815295795e-12
24.96875	5.655228021983483e-12
25.0	5.880198238050749e-12
25.03125	6.058256327157174e-12
25.0625	6.1987810717756275e-12
25.09375	6.2744709601603166e-12
25.125	6.232384400228774e-12
25.15625	6.075263122434782e-12
25.1875	5.884601833594516e-12
25.21875	5.726833937624853e-12
25.25	5.568148372936399e-12
25.28125	5.317289143713655e-12
25.3125	4.9196384813154914e-12
25.34375	4.370510897633295e-12
25.375	3.6728719024492484e-12
25.40625	2.8536973131765286e-12
25.4375	2.024674915571123e-12
25.46875	1.359859707478206e-12
25.5	9.88964227351119e-13
25.53125	9.517933316494087e-13
25.5625	1.2600484891600594e-12
25.59375	1.9566947888349784e-12
25.625	3.094287846783228e-12
25.65625	4.6743750363453795e-12
25.6875	6.62023777811549e-12
25.71875	8.81869924307388e-12
25.75	1.118682577128105e-11
25.78125	1.3654851555022773e-11
25.8125	1.6106437364382664e-11
25.84375	1.8411085156433415e-11
25.875	2.049238903567563e-11
25.90625	2.2335898755554418e-11
25.9375	2.397801922293663e-11
25.96875	2.5472473089149794e-11
26.0	2.679959379414676e-11
26.03125	2.784619410056699e-11
26.0625	2.8515401845341515e-11
26.09375	2.8769736593048378e-11
26.125	2.8583765562806285e-11
26.15625	2.8004949054194483e-11
26.1875	2.7243917191666078e-11
26.21875	2.6525275031996642e-11
26.25	2.5805880002338633e-11
26.28125	2.4785748106714856e-11
26.3125	2.3203654275771868e-11
26.34375	2.0934812910988754e-11
26.375	1.7848070243964287e-11
26.40625	1.3914944717308142e-11
26.4375	9.584380164517903e-12
26.46875	5.767466365602658e-12
26.5	3.2202608635234498e-12
26.53125	2.0683088488432366e-12
26.5625	2.0324781354469357e-12
26.59375	2.896083980269415e-12
26.625	4.620557842588413e-12
26.65625	7.1924341482620946e-12
26.6875	1.0524700035097201e-11
26.71875	1.4453108848622165e-11
26.75	1.8744818197635738e-11
26.78125	2.315795645524421e-11
26.8125	2.7543257605233684e-11
26.84375	3.184826360969062e-11
26.875	3.60031553181539e-11
26.90625	3.985876212420081e-11
26.9375	4.326639047036451e-11
26.96875	4.616570320470359e-11
27.0	4.856080121351525e-11
27.03125	5.0443295374069663e-11
27.0625	5.1763315855879455e-11
27.09375	5.245427356359578e-11
27.125	5.2482723028601796e-11
27.15625	5.191573906881963e-11
27.1875	5.096540897642221e-11
27.21875	4.9897540960186504e-11
27.25	4.876892986671599e-11
27.28125	4.727972874318809e-11
27.3125	4.499816491643216e-11
27.34375	4.16250645063343e-11
27.375	3.696287373400331e-11
27.40625	3.101641166125546e-11
27.4375	2.4584771718405563e-11
27.46875	1.9750638624582706e-11
27.5	1.985709513485645e-11
27.53125	2.964730544396943e-11
27.5625	5.5363214013226525e-11
27.59375	1.0308782993906362e-10
27.625	1.7569348753632141e-10
27.65625	2.712711166807935e-10
27.6875	3.8429948112650436e-10
27.71875	5.083925502802344e-10
27.75	6.385222905969101e-10
27.78125	7.708819138585454e-10
27.8125	9.014918256333715e-10
27.84375	1.0263254690556778e-09
27.875	1.1425980162016458e-09
27.90625	1.2487697542695742e-09
27.9375	1.3433451018229903e-09
27.96875	1.4245657986577953e-09
28.0	1.491034740119801e-09
28.03125	1.5412736642517189e-09
28.0625	1.5722483315272484e-09
28.09375	1.5797214647506053e-09
28.125	1.562286078282682e-09
28.15625	1.5263555974698306e-09
28.1875	1.4847860718703032e-09
28.21875	1.4453485075449635e-09
28.25	1.4003652681893186e-09
28.28125	1.3324796821478913e-09
28.3125	1.2282926897810853e-09
28.34375	1.0805466521546236e-09
28.375	8.847668153677546e-10
28.40625	6.495379234472409e-10
28.4375	4.1026099184549025e-10
28.46875	2.1586020471087153e-10
28.5	9.374388765248653e-11
28.53125	3.521315877774711e-11
28.5625	1.4200743879422273e-11
28.59375	9.710318486788605e-12
28.625	1.16378625486524e-11
28.65625	1.6426028939808823e-11
28.6875	2.279431157714562e-11
28.71875	3.0021145291936335e-11
28.75	3.761942840574406e-11
28.78125	4.5312014557152835e-11
28.8125	5.294270924438571e-11
28.84375	6.036408178866637e-11
28.875	6.738286317808928e-11
28.90625	7.380221433983536e-11
28.9375	7.94948065707679e-11
28.96875	8.438775372932028e-11
29.0	8.836575915438516e-11
29.03125	9.125591948766498e-11
29.0625	9.29606461252952e-11
29.09375	9.348811308429461e-11
29.125	9.285504309897163e-11
29.15625	9.12223907523213e-11
29.1875	8.907127119206493e-11
29.21875	8.685041574807428e-11
29.25	8.435676462914543e-11
29.28125	8.072702922801156e-11
29.3125	7.506568283632831e-11
29.34375	6.677453034953373e-11
29.375	5.5506547275152585e-11
29.40625	4.169365894202137e-11
29.4375	2.731400002009554e-11
29.46875	1.525988016504165e-11
29.5	7.395885119609868e-12
29.53125	3.554854110729422e-12
29.5625	2.42191011169679e-12
29.59375	2.8234762618206677e-12
29.625	4.144791714705276e-12
29.65625	6.110759901561957e-12
29.6875	8.546091785632814e-12
29.71875	1.1296605144373029e-11
29.75	1.4231471903713988e-11
29.78125	1.724015548376645e-11
29.8125	2.023533944572886e-11
29.84375	2.3167133142432128e-11
29.875	2.5978686216121538e-11
29.90625	2.8566902315896314e-11
29.9375	3.084522567919912e-11
29.96875	3.279622406981986e-11
30.0	3.4424095518570397e-11
30.03125	3.569297635230839e-11
30.0625	3.6515759166411144e-11
30.09375	3.679228102737575e-11
30.125	3.6488943810919494e-11
30.15625	3.57351682966911e-11
30.1875	3.483261248882208e-11
30.21875	3.402558443332815e-11
30.25	3.3202409571719826e-11
30.28125	3.1931707278332055e-11
30.3125	2.981121946521448e-11
30.34375	2.6676300057815183e-11
30.375	2.2504827862368515e-11
30.40625	1.7437466401371005e-11
30.4375	1.2084630171549371e-11
30.46875	7.503793593433006e-12
30.5	4.569823252448257e-12
30.53125	3.54826216152071e-12
30.5625	4.445302199257428e-12
30.59375	7.519847591841433e-12
30.625	1.3249235042422924e-11
30.65625	2.192078289720012e-11
30.6875	3.3351404971071474e-11
30.71875	4.6870871767135114e-11
30.75	6.151207321281049e-11
30.78125	7.638835397560939e-11
30.8125	9.103825332479332e-11
30.84375	1.053668055583934e-10
30.875	1.1922765552618841e-10
30.90625	1.3221840289290299e-10
30.9375	1.4388691627065242e-10
30.96875	1.5390452801078425e-10
31.0	1.6208849540344517e-10
31.03125	1.6841088246177804e-10
31.0625	1.7286394538018612e-10
31.09375	1.7527430895558638e-10
31.125	1.7536268270834654e-10
31.15625	1.731524923442862e-10
31.1875	1.6941410774240495e-10
31.21875	1.652578629496304e-10
31.25	1.6079325371176623e-10
31.28125	1.5464923786012719e-10
31.3125	1.4520951108210056e-10
31.34375	1.3152293143470217e-10
31.375	1.1283531747841025e-10
31.40625	8.888068059320631e-11
31.4375	6.177867939438642e-11
31.46875	3.6531014324658884e-11
31.5	1.802192076127973e-11
31.53125	7.572675993217093e-12
31.5625	3.0475019209552645e-12
31.59375	1.5400744915461395e-12
31.625	1.190238554417411e-12
31.65625	1.225745199784356e-12
31.6875	1.3918100612991813e-12
31.71875	1.5937117077424734e-12
31.75	1.7999078789909806e-12
31.78125	2.018098578873695e-12
31.8125	2.258228326557088e-12
31.84375	2.5144222641493297e-12
31.875	2.7810210731504803e-12
31.90625	3.0590170153887986e-12
31.9375	3.3336417393919904e-12
31.96875	3.561803412974185e-12
32.0	3.7055501896088305e-12
32.03125	3.773953372032679e-12
32.0625	3.8030884864925785e-12
32.09375	3.803500049637254e-12
32.125	3.760433804622654e-12
32.15625	3.671203965827097e-12
32.1875	3.5596191792774956e-12
32.21875	3.463876104350949e-12
32.25	3.4035081610678253e-12
32.28125	3.3486269312987815e-12
32.3125	3.2332834326576076e-12
32.34375	3.0007964429284995e-12
32.375	2.634751358060461e-12
32.40625	2.1603333271585923e-12
32.4375	1.639428501808149e-12
32.46875	1.1645795005427173e-12
32.5	8.198962342387262e-13
32.53125	6.261351029671069e-13
32.5625	5.375902631041263e-13
32.59375	4.963398940981134e-13
32.625	4.776135541749438e-13
32.65625	4.832446292082904e-13
32.6875	5.09122420871283e-13
32.71875	5.374460642151857e-13
32.75	5.615551426640941e-13
32.78125	5.957758700443627e-13
32.8125	6.458638962189567e-13
32.84375	6.891803750949665e-13
32.875	7.04454669511051e-13
32.90625	7.02298950331498e-13
32.9375	7.046291718507125e-13
32.96875	7.16774133536352e-13
33.0	7.328893893675248e-13
33.03125	7.472731743292382e-13
33.0625	7.551196538717331e-13
33.09375	7.538650693278415e-13
33.125	7.491445072789482e-13
33.15625	7.502119043177602e-13
33.1875	7.560637771235335e-13
33.21875	7.607064392463336e-13
33.25	7.652320075345054e-13
33.28125	7.713572619180709e-13
33.3125	7.7260051654926e-13
33.34375	7.565670095618926e-13
33.375	7.163240812145533e-13
33.40625	6.590363020933521e-13
33.4375	5.986307912049516e-13
33.46875	5.446787769078365e-13
33.5	5.0190358596644e-13
33.53125	4.743788912034419e-13
33.5625	4.635549214447587e-13
33.59375	4.613642367451432e-13
33.625	4.5410206085845506e-13
33.65625	4.381045493832142e-13
33.6875	4.256539240000967e-13
33.71875	4.302014473822613e-13
33.75	4.4841872728039467e-13
33.78125	4.634884598515854e-13
33.8125	4.664785268129745e-13
33.84375	4.637492646841768e-13
33.875	4.606331592202362e-13
33.90625	4.5398811121012683e-13
33.9375	4.4659420475948175e-13
33.96875	4.5098636197032915e-13
34.0	4.697896802477453e-13
34.03125	4.865851645219355e-13
34.0625	4.859771439436056e-13
34.09375	4.700522198038126e-13
34.125	4.4899308338126886e-13
34.15625	4.3197379267362335e-13
34.1875	4.2757260947969e-13
34.21875	4.356990300231206e-13
34.25	4.43324820213406e-13
34.28125	4.4181842971495466e-13
34.3125	4.4138225518096375e-13
34.34375	4.554379334602288e-13
34.375	4.78005818520949e-13
34.40625	4.921630594387216e-13
34.4375	4.916517496941775e-13
34.46875	4.806399961192198e-13
34.5	4.659056343850332e-13
34.53125	4.567243935479914e-13
34.5625	4.616866242611317e-13
34.59375	4.81698556910326e-13
34.625	5.074225544951516e-13
34.65625	5.260220969742491e-13
34.6875	5.339047888693049e-13
34.71875	5.385802481078228e-13
34.75	5.45454794612793e-13
34.78125	5.52027824493595e-13
34.8125	5.606123746650093e-13
34.84375	5.850737103997583e-13
34.875	6.313514164593692e-13
34.90625	6.815588132931538e-13
34.9375	7.140370651519123e-13
34.96875	7.292581794514363e-13
35.0	7.436509090810728e-13
35.03125	7.674339137266062e-13
35.0625	7.996779237059992e-13
35.09375	8.391248308182997e-13
35.125	8.859616057281527e-13
35.15625	9.360900726437804e-13
35.1875	9.867711031966153e-13
35.21875	1.0449811588958413e-12
35.25	1.1196080954706256e-12
35.28125	1.2113949166697724e-12
35.3125	1.324980381488261e-12
35.34375	1.4801947645012858e-12
35.375	1.699967532194091e-12
35.40625	2.009691892068677e-12
35.4375	2.486319093317202e-12
35.46875	3.4064203281031213e-12
35.5	5.510557288257445e-12
35.53125	1.014493784118331e-11
35.5625	1.8873203347369305e-11
35.59375	3.267532078243818e-11
35.625	5.1515396115586753e-11
35.65625	7.4610852218715e-11
35.6875	1.0094357988377212e-10
35.71875	1.2957386552603367e-10
35.75	1.5967945021788665e-10
35.78125	1.9055701461212493e-10
35.8125	2.2162612023368666e-10
35.84375	2.522115016834192e-10
35.875	2.813417276925634e-10
35.90625	3.0794983230109096e-10
35.9375	3.3126273946137985e-10
35.96875	3.5095881756319613e-10
36.0	3.669379244897186e-10
36.03125	3.788269142823708e-10
36.0625	3.8576988825589353e-10
36.09375	3.869429776592881e-10
36.125	3.826026717668185e-10
36.15625	3.7485198278730536e-10
36.1875	3.663981618107215e-10
36.21875	3.5738603743062924e-10
36.25	3.4441652307926063e-10
36.28125	3.2352637235888437e-10
36.3125	2.924546993465782e-10
36.34375	2.496343132207812e-10
36.375	1.9471281531568962e-10
36.40625	1.3297650480748047e-10
36.4375	7.643174981808443e-11
36.46875	3.6180006907082785e-11
36.5	1.4330305171672553e-11
36.53125	5.219822404173291e-12
36.5625	2.1704625943752553e-12
36.59375	1.2600095663020672e-12
36.625	9.767498225163318e-13
36.65625	8.724468088076864e-13
36.6875	8.189963464355632e-13
36.71875	7.869983961392157e-13
36.75	7.828448718265324e-13
36.78125	8.078360029528664e-13
36.8125	8.462701026057395e-13
36.84375	8.770890372496176e-13
36.875	8.887444274442713e-13
36.90625	8.885997948744617e-13
36.9375	8.966727100406802e-13
36.96875	9.241008566002185e-13
37.0	9.617330803263213e-13
37.03125	9.97681429658337e-13
37.0625	1.0337993482101293e-12
37.09375	1.0715481236697744e-12
37.125	1.10072909988157e-12
37.15625	1.1182186903865854e-12
37.1875	1.1399725564562035e-12
37.21875	1.1809935624926271e-12
37.25	1.2380491597185905e-12
37.28125	1.300207120788488e-12
37.3125	1.3627550693798285e-12
37.34375	1.4261359020800723e-12
37.375	1.4906633869979369e-12
37.40625	1.5612096034359202e-12
37.4375	1.6670747898447913e-12
37.46875	1.8902316777785755e-12
37.5	2.392588514463223e-12
37.53125	3.4113679762970417e-12
37.5625	5.170083978989215e-12
37.59375	7.76644547284544e-12
37.625	1.1176794732781214e-11
37.65625	1.53192406676661e-11
37.6875	2.005825366913072e-11
37.71875	2.5226709610137732e-11
37.75	3.0688479535356805e-11
37.78125	3.6343872356070506e-11
37.8125	4.208444356890162e-11
37.84375	4.7751701898191e-11
37.875	5.313266493445212e-11
37.90625	5.8016143972272616e-11
37.9375	6.226351378924022e-11
37.96875	6.583515677061058e-11
38.0	6.874274066648312e-11
38.03125	7.095907889054232e-11
38.0625	7.238448729296465e-11
38.09375	7.289508580088366e-11
38.125	7.250064437691606e-11
38.15625	7.154597053693479e-11
38.1875	7.05013894486406e-11
38.21875	6.935176044553515e-11
38.25	6.750901920815622e-11
38.28125	6.43862185789601e-11
38.3125	5.96301549804501e-11
38.34375	5.28961631440783e-11
38.375	4.4152927841656364e-11
38.40625	3.453280716936291e-11
38.4375	2.6239991082754877e-11
38.46875	2.0972345388114988e-11
38.5	1.8722700473317033e-11
38.53125	1.8404038709673998e-11
38.5625	1.9094895803428713e-11
38.59375	2.0403734257712358e-11
38.625	2.2174909478089866e-11
38.65625	2.4306516868688455e-11
38.6875	2.675716939681827e-11
38.71875	2.948436633731788e-11
38.75	3.2396037241699815e-11
38.78125	3.547822452487637e-11
38.8125	3.889151500846566e-11
38.84375	4.2830211599564905e-11
38.875	4.731647365585623e-11
38.90625	5.221486784612317e-11
38.9375	5.7455769308933924e-11
38.96875	6.313746747643734e-11
39.0	6.93594903733441e-11
39.03125	7.615609531885781e-11
39.0625	8.373316623400129e-11
39.09375	9.253996180458302e-11
39.125	1.0297310920615033e-10
39.15625	1.1518926090747783e-10
39.1875	1.2930866100102634e-10
39.21875	1.457674120297625e-10
39.25	1.6544439429555524e-10
39.28125	1.896091339492756e-10
39.3125	2.2014912115508878e-10
39.34375	2.6010296694245483e-10
39.375	3.143215132617172e-10
39.40625	3.9144168462179607e-10
39.4375	5.120834312144495e-10
39.46875	7.348397446094168e-10
39.5	1.2087594258858303e-09
39.53125	2.2164075019759366e-09
39.5625	4.113903884217507e-09
39.59375	7.1587620276147845e-09
39.625	1.1397238708354962e-08
39.65625	1.6708868955106482e-08
39.6875	2.2896367468661083e-08
39.71875	2.975002821870021e-08
39.75	3.7091886895268544e-08
39.78125	4.4773308616186114e-08
39.8125	5.263896696305892e-08
39.84375	6.05030550104857e-08
39.875	6.814660480358725e-08
39.90625	7.533439827511756e-08
39.9375	8.185124755755169e-08
39.96875	8.753718105936059e-08
40.0	9.228128305949213e-08
40.03125	9.596380579068864e-08
40.0625	9.841426873435921e-08
40.09375	9.944918843984851e-08
40.125	9.899224551190855e-08
40.15625	9.725307137387063e-08
40.1875	9.472739748161985e-08
40.21875	9.17130407174227e-08
40.25	8.77932819776106e-08
40.28125	8.211616631115248e-08
40.3125	7.40574463975463e-08
40.34375	6.326638413156616e-08
40.375	4.964693189890568e-08
40.40625	3.425902761478028e-08
40.4375	1.9874399015407107e-08
40.46875	9.387975730135167e-09
40.5	3.5915148632881255e-09
40.53125	1.1592699022955344e-09
40.5625	3.551118843425627e-10
40.59375	1.241635960713694e-10
40.625	5.54466333957393e-11
40.65625	3.046867966260969e-11
40.6875	1.9365641035218317e-11
40.71875	1.3904417547894177e-11
40.75	1.1159107492220155e-11
40.78125	9.836336606339202e-12
40.8125	9.316379265267294e-12
40.84375	9.280565031744015e-12
40.875	9.510977942717158e-12
40.90625	9.838328936251362e-12
40.9375	1.0171193748353957e-11
40.96875	1.0483196775934456e-11
41.0	1.0756666390943082e-11
41.03125	1.096398319355707e-11
41.0625	1.109513522723482e-11
41.09375	1.1155050841371583e-11
41.125	1.1115615372592202e-11
41.15625	1.0930176035095496e-11
41.1875	1.060555115950379e-11
41.21875	1.0185369041237902e-11
41.25	9.669314827986941e-12
41.28125	9.002293702153885e-12
41.3125	8.126173345335275e-12
41.34375	7.0252002999648955e-12
41.375	5.731364167982367e-12
41.40625	4.328812048398634e-12
41.4375	2.990509966396826e-12
41.46875	1.9285536709268136e-12
41.5	1.2424866907903565e-12
41.53125	8.763603449694901e-13
41.5625	7.279281886464484e-13
41.59375	7.322139314140663e-13
41.625	8.55611100632897e-13
41.65625	1.072337097590692e-12
41.6875	1.362042098031202e-12
41.71875	1.7157987270560726e-12
41.75	2.134951937460272e-12
41.78125	2.6192390270574073e-12
41.8125	3.15713796252004e-12
41.84375	3.733704317943065e-12
41.875	4.3303225588653405e-12
41.90625	4.901768227427716e-12
41.9375	5.3825472724755574e-12
41.96875	5.737682464562743e-12
42.0	5.996723950740801e-12
42.03125	6.221689396318508e-12
42.0625	6.43673135625189e-12
42.09375	6.6004341749137385e-12
42.125	6.652455929873069e-12
42.15625	6.576084295162321e-12
42.1875	6.415157034062036e-12
42.21875	6.236793633623838e-12
42.25	6.070068926666838e-12
42.28125	5.881077742853069e-12
42.3125	5.609651632099144e-12
42.34375	5.215734528302152e-12
42.375	4.676524358732115e-12
42.40625	3.965870600669552e-12
42.4375	3.0933812369265956e-12
42.46875	2.1750977755030654e-12
42.5	1.4098396929063117e-12
42.53125	9.411761734551272e-13
42.5625	7.782608108311551e-13
42.59375	8.755557585372886e-13
42.625	1.2225062542142728e-12
42.65625	1.8162564551296723e-12
42.6875	2.6129781931921725e-12
42.71875	3.5681600903114674e-12
42.75	4.686000719400507e-12
42.78125	5.982261994802451e-12
42.8125	7.435981518033596e-12
42.84375	8.99714330815371e-12
42.875	1.0587619322932618e-11
42.90625	1.2087390983961388e-11
42.9375	1.3387355460303674e-11
42.96875	1.4468267729716988e-11
43.0	1.539402112726851e-11
43.03125	1.623319707821924e-11
43.0625	1.699483088979381e-11
43.09375	1.762500215218843e-11
43.125	1.80257284793095e-11
43.15625	1.8096878162676688e-11
43.1875	1.7844866209704158e-11
43.21875	1.742111316316297e-11
43.25	1.6969838728675413e-11
43.28125	1.6449416481711943e-11
43.3125	1.5666150668391943e-11
43.34375	1.4493033509421771e-11
43.375	1.2964264210768572e-11
43.40625	1.112841849920665e-11
43.4375	8.969628859101242e-12
43.46875	6.6138288422334934e-12
43.5	4.515417987432935e-12
43.53125	3.2775149781671953e-12
43.5625	3.336572988385522e-12
43.59375	4.888642008565869e-12
43.625	7.975626235834365e-12
43.65625	1.2551167570540311e-11
43.6875	1.8511886468175476e-11
43.71875	2.5680971238450923e-11
43.75	3.382091134929155e-11
43.78125	4.2722877319212316e-11
43.8125	5.2210399198449053e-11
43.84375	6.205322367058841e-11
43.875	7.198915769057734e-11
43.90625	8.172972021380787e-11
43.9375	9.077866236495424e-11
43.96875	9.845056020418852e-11
44.0	1.0435114577989069e-10
44.03125	1.0860648491650693e-10
44.0625	1.1141761818711515e-10
44.09375	1.127610019246994e-10
44.125	1.1258897286703373e-10
44.15625	1.1106184721887402e-10
44.1875	1.0861225807623498e-10
44.21875	1.0567399039151937e-10
44.25	1.0215218948506077e-10
44.28125	9.732224748315588e-11
44.3125	9.037993964344793e-11
44.34375	8.088375108572521e-11
44.375	6.86413009765019e-11
44.40625	5.3780875586273424e-11
44.4375	3.755897676205322e-11
44.46875	2.265864579298338e-11
44.5	1.1692856752287817e-11
44.53125	5.385017952386217e-12
44.5625	2.6256536007907005e-12
44.59375	1.899271972333194e-12
44.625	2.2536287072605354e-12
44.65625	3.3160425360473367e-12
44.6875	4.970917340946235e-12
44.71875	7.178256686973805e-12
44.75	9.92158178531044e-12
44.78125	1.315576120264339e-11
44.8125	1.6788690229696535e-11
44.84375	2.0709330084134336e-11
44.875	2.477710918380449e-11
44.90625	2.8801636423048116e-11
44.9375	3.260238953806116e-11
44.96875	3.607562512608631e-11
45.0	3.9169806287375764e-11
45.03125	4.184160656839353e-11
45.0625	4.405477024849169e-11
45.09375	4.5754070671089053e-11
45.125	4.6815041426784276e-11
45.15625	4.7088669768990954e-11
45.1875	4.6568204153940584e-11
45.21875	4.5510012425253876e-11
45.25	4.429525496396636e-11
45.28125	4.30567213827171e-11
45.3125	4.1494155333943183e-11
45.34375	3.917124263841387e-11
45.375	3.5856789759591834e-11
45.40625	3.144246668584927e-11
45.4375	2.5809430981293957e-11
45.46875	1.916420147574094e-11
45.5	1.2445411888550861e-11
45.53125	6.968709029969711e-12
45.5625	3.497814884956263e-12
45.59375	1.850856924320854e-12
45.625	1.3797594794126566e-12
45.65625	1.5578045580930122e-12
45.6875	2.124229394814825e-12
45.71875	2.967804821341069e-12
45.75	4.037859456518245e-12
45.78125	5.3108069157647986e-12
45.8125	6.771661356652636e-12
45.84375	8.417943425653718e-12
45.875	1.0246132935154417e-11
45.90625	1.2195301192508001e-11
45.9375	1.414153082829328e-11
45.96875	1.5958625046441632e-11
46.0	1.7537065549744213e-11
46.03125	1.8779918592448652e-11
46.0625	1.9660150243905328e-11
46.09375	2.027520339120681e-11
46.125	2.076614574741953e-11
46.15625	2.114172031886241e-11
46.1875	2.124946399395533e-11
46.21875	2.0983402515550864e-11
46.25	2.0452214574695482e-11
46.28125	1.9839820758482674e-11
46.3125	1.91487294770587e-11
46.34375	1.819948185211029e-11
46.375	1.682626954435662e-11
46.40625	1.495482036817375e-11
46.4375	1.2560810030981528e-11
46.46875	9.711914432386504e-12
46.5	6.705094812708978e-12
46.53125	4.055420929627296e-12
46.5625	2.192097631886769e-12
46.59375	1.1663335228173644e-12
46.625	7.188386171030903e-13
46.65625	5.576600921493313e-13
46.6875	5.125772310939081e-13
46.71875	5.137796113031945e-13
46.75	5.311742799080088e-13
46.78125	5.518051293673665e-13
46.8125	5.796665773251386e-13
46.84375	6.262111597495068e-13
46.875	6.892005954654834e-13
46.90625	7.478513251377161e-13
46.9375	7.87324144681939e-13
46.96875	8.132123988958961e-13
47.0	8.339465186121831e-13
47.03125	8.504721991757502e-13
47.0625	8.63748146357618e-13
47.09375	8.727536380224998e-13
47.125	8.734339206756259e-13
47.15625	8.709762511910357e-13
47.1875	8.782685407930646e-13
47.21875	8.950324747840355e-13
47.25	9.097300820645748e-13
47.28125	9.23533168342705e-13
47.3125	9.391323439397747e-13
47.34375	9.337856009261625e-13
47.375	8.8228052251213e-13
47.40625	7.926409637155907e-13
47.4375	6.933169858537591e-13
47.46875	6.042304785854047e-13
47.5	5.31197048153631e-13
47.53125	4.725513058113917e-13
47.5625	4.2756670057784996e-13
47.59375	4.0194247669794736e-13
47.625	3.9907394880009384e-13
47.65625	4.0934603254792756e-13
47.6875	4.1917096421477396e-13
47.71875	4.262983195613135e-13
47.75	4.359910869833339e-13
47.78125	4.4527931146974564e-13
47.8125	4.43374747723449e-13
47.84375	4.305379566315465e-13
47.875	4.2201704912765703e-13
47.90625	4.2563321573860224e-13
47.9375	4.287570190379675e-13
47.96875	4.188448362012903e-13
48.0	4.0542035332179205e-13
48.03125	4.050300947498059e-13
48.0625	4.146333612824876e-13
48.09375	4.160659176129927e-13
48.125	4.0040941482605286e-13
48.15625	3.7868853560753257e-13
48.1875	3.6921567149114654e-13
48.21875	3.776521467508537e-13
48.25	3.9234932035052406e-13
48.28125	3.9781096168936547e-13
48.3125	3.9002972401259994e-13
48.34375	3.795045874777081e-13
48.375	3.7782426384573575e-13
48.40625	3.8286580394779335e-13
48.4375	3.8551987665592924e-13
48.46875	3.82523548426994e-13
48.5	3.733351247505595e-13
48.53125	3.589489545440666e-13
48.5625	3.4569734770097116e-13
48.59375	3.393045664313449e-13
48.625	3.395045204170055e-13
48.65625	3.437558939757557e-13
48.6875	3.500428842184017e-13
48.71875	3.54982021425268e-13
48.75	3.567810380900732e-13
48.78125	3.60084900265234e-13
48.8125	3.693426315655446e-13
48.84375	3.7977872799702106e-13
48.875	3.8462489486759677e-13
48.90625	3.877430874207194e-13
48.9375	3.961147816006205e-13
48.96875	4.0377523915537117e-13
49.0	3.9783595254944126e-13
49.03125	3.78542601995116e-13
49.0625	3.614165986886436e-13
49.09375	3.583638106315762e-13
49.125	3.6602340082458884e-13
49.15625	3.7610669786913853e-13
49.1875	3.879789556033436e-13
49.21875	4.0350969093827516e-13
49.25	4.1553541748999556e-13
49.28125	4.1323685467421767e-13
49.3125	3.9518540349836595e-13
49.34375	3.6883958886256563e-13
49.375	3.467195335091905e-13
49.40625	3.409933739453169e-13
49.4375	3.488848207729156e-13
49.46875	3.522207211222733e-13
49.5	3.413073046843601e-13
49.53125	3.299828400978033e-13
49.5625	3.348841115437956e-13
49.59375	3.4855796092296554e-13
49.625	3.5361668562945703e-13
49.65625	3.507860777025862e-13
49.6875	3.5169485596356354e-13
49.71875	3.5918325063354073e-13
49.75	3.666356226863371e-13
49.78125	3.6652392275751677e-13
49.8125	3.5689317169976253e-13
49.84375	3.4399699343386214e-13
49.875	3.374253730158844e-13
49.90625	3.411368681028454e-13
49.9375	3.5223196971981285e-13
49.96875	3.66147243817741e-13
50.0	3.780735761352988e-13
50.03125	3.835216107368755e-13
50.0625	3.8299447164061307e-13
50.09375	3.8269989391034875e-13
50.125	3.8645155868780035e-13
50.15625	3.901731639600198e-13
50.1875	3.8754110055598534e-13
50.21875	3.806282546092721e-13
50.25	3.785496493092372e-13
50.28125	3.8162330825812496e-13
50.3125	3.7942256758335957e-13
50.34375	3.683995925159167e-13
50.375	3.562631418173312e-13
50.40625	3.474354864137913e-13
50.4375	3.3905685333998625e-13
50.46875	3.311145845355523e-13
50.5	3.275845848922654e-13
50.53125	3.317223882734477e-13
50.5625	3.4486855645526893e-13
50.59375	3.607484048897408e-13
50.625	3.6832383388911427e-13
50.65625	3.6880185862696313e-13
50.6875	3.761658682027019e-13
50.71875	3.949106124577495e-13
50.75	4.094137680786536e-13
50.78125	4.0446010256267595e-13
50.8125	3.870110612189115e-13
50.84375	3.7560248964882414e-13
50.875	3.7703594044612154e-13
50.90625	3.828130304070476e-13
50.9375	3.816304910975177e-13
50.96875	3.6767529125458775e-13
