Mass	Ion Current
1.0	3.7559073906567875e-11
1.03125	3.725057068360016e-11
1.0625	3.7317569173689336e-11
1.09375	3.795374778348126e-11
1.125	3.920393523704213e-11
1.15625	4.097030353866771e-11
1.1875	4.3030447260949956e-11
1.21875	4.502144490547977e-11
1.25	4.648750134839119e-11
1.28125	4.688820165466012e-11
1.3125	4.56119066127858e-11
1.34375	4.226464664358609e-11
1.375	3.7101176297849037e-11
1.40625	3.10720685292587e-11
1.4375	2.532993953474616e-11
1.46875	2.0643188547442293e-11
1.5	1.7189119919103213e-11
1.53125	1.475483450696924e-11
1.5625	1.3032923698585996e-11
1.59375	1.1789057577371587e-11
1.625	1.0921416548903551e-11
1.65625	1.0417233915760438e-11
1.6875	1.0251515782100373e-11
1.71875	1.0380986001368164e-11
1.75	1.0785199122675948e-11
1.78125	1.1441428533764952e-11
1.8125	1.2317077913159835e-11
1.84375	1.3395849533803794e-11
1.875	1.4645798462886717e-11
1.90625	1.6009520098503316e-11
1.9375	1.7482756561881807e-11
1.96875	1.9105933848906353e-11
2.0	2.0836632766418894e-11
2.03125	2.2522820414261346e-11
2.0625	2.3981578875509335e-11
2.09375	2.504944342229809e-11
2.125	2.5639084605399987e-11
2.15625	2.5764109595760587e-11
2.1875	2.5480327917049017e-11
2.21875	2.4888322305849364e-11
2.25	2.4153819569439072e-11
2.28125	2.3325135226071048e-11
2.3125	2.2111767278287786e-11
2.34375	2.000673238189421e-11
2.375	1.6706904956698132e-11
2.40625	1.2472047700162747e-11
2.4375	8.143860585896334e-12
2.46875	4.6778145593173726e-12
2.5	2.519639878684199e-12
2.53125	1.4750351547826446e-12
2.5625	1.0809144378176594e-12
2.59375	9.534417526324557e-13
2.625	8.895098741780461e-13
2.65625	8.277548568455528e-13
2.6875	7.726154243291317e-13
2.71875	7.355098518083136e-13
2.75	7.151725500871564e-13
2.78125	7.001496821548714e-13
2.8125	6.780804216732772e-13
2.84375	6.496079173710922e-13
2.875	6.298935440081366e-13
2.90625	6.290997995976599e-13
2.9375	6.390712611881177e-13
2.96875	6.47562624182807e-13
3.0	6.538546830706093e-13
3.03125	6.589014273430949e-13
3.0625	6.553471957812529e-13
3.09375	6.386483681307398e-13
3.125	6.177011484774508e-13
3.15625	6.073286405033906e-13
3.1875	6.10777921294936e-13
3.21875	6.146448909734314e-13
3.25	6.081170723232221e-13
3.28125	5.97904701010038e-13
3.3125	5.94156993570516e-13
3.34375	5.960897465732973e-13
3.375	6.01011807595947e-13
3.40625	6.117561969151697e-13
3.4375	6.268371238737913e-13
3.46875	6.372817312923218e-13
3.5	6.389547636646842e-13
3.53125	6.349483113766985e-13
3.5625	6.262550699374925e-13
3.59375	6.148603761552129e-13
3.625	6.083412311223835e-13
3.65625	6.06954753384209e-13
3.6875	5.985277919985654e-13
3.71875	5.786331158143254e-13
3.75	5.627444040270935e-13
3.78125	5.673812114581622e-13
3.8125	5.88413866242643e-13
3.84375	6.06803832441799e-13
3.875	6.088797001313484e-13
3.90625	5.971145886768392e-13
3.9375	5.861498352660588e-13
3.96875	5.853395567724518e-13
4.0	5.888777421421409e-13
4.03125	5.906060146151915e-13
4.0625	5.976886737271703e-13
4.09375	6.179551770464642e-13
4.125	6.41991342899273e-13
4.15625	6.545280810399401e-13
4.1875	6.540462615944875e-13
4.21875	6.444122579302158e-13
4.25	6.238322033426391e-13
4.28125	5.93766138687335e-13
4.3125	5.626060056197757e-13
4.34375	5.347055805939027e-13
4.375	5.10677925728148e-13
4.40625	4.978470977481941e-13
4.4375	5.013918967511355e-13
4.46875	5.119136993643469e-13
4.5	5.177494175577502e-13
4.53125	5.179415923928232e-13
4.5625	5.157363793840963e-13
4.59375	5.126377837852414e-13
4.625	5.122461699605396e-13
4.65625	5.182768277045557e-13
4.6875	5.263039353289867e-13
4.71875	5.293299978025023e-13
4.75	5.334194457667918e-13
4.78125	5.516751877369941e-13
4.8125	5.785880672140586e-13
4.84375	5.890037264345838e-13
4.875	5.71714442280935e-13
4.90625	5.460206939367218e-13
4.9375	5.336862137113318e-13
4.96875	5.308426224634455e-13
5.0	5.200431556738605e-13
5.03125	4.978860206061864e-13
5.0625	4.767326399097993e-13
5.09375	4.672439193366407e-13
5.125	4.679211120135751e-13
5.15625	4.677146257098252e-13
5.1875	4.581773328793393e-13
5.21875	4.4318490392304677e-13
5.25	4.3646152230597535e-13
5.28125	4.4967816362900814e-13
5.3125	4.800327886925193e-13
5.34375	5.118614950297418e-13
5.375	5.304246625259523e-13
5.40625	5.295024943681448e-13
5.4375	5.127029443358078e-13
5.46875	4.961337872651239e-13
5.5	5.008003018357188e-13
5.53125	5.292535073392335e-13
5.5625	5.569945546457511e-13
5.59375	5.585037640698509e-13
5.625	5.327539624733202e-13
5.65625	4.972020516656739e-13
5.6875	4.6966852065497e-13
5.71875	4.577378515287223e-13
5.75	4.536414917755832e-13
5.78125	4.430659127346165e-13
5.8125	4.289812591522918e-13
5.84375	4.340529942848531e-13
5.875	4.662935619223485e-13
5.90625	5.001927149382579e-13
5.9375	5.113924149598159e-13
5.96875	5.095466691813766e-13
6.0	5.143120087799935e-13
6.03125	5.212287307494734e-13
6.0625	5.144057380578049e-13
6.09375	4.955909272373604e-13
6.125	4.787828120078608e-13
6.15625	4.696539923458587e-13
6.1875	4.661860632769466e-13
6.21875	4.637094202543379e-13
6.25	4.5401673414748045e-13
6.28125	4.3816179525792143e-13
6.3125	4.328878835252459e-13
6.34375	4.452593350447176e-13
6.375	4.556965156783666e-13
6.40625	4.4641262800064474e-13
6.4375	4.3133178235718606e-13
6.46875	4.3583826868712205e-13
6.5	4.601506892534801e-13
6.53125	4.831627719442677e-13
6.5625	4.911261826910651e-13
6.59375	4.869911982355313e-13
6.625	4.802993397966249e-13
6.65625	4.779216302222555e-13
6.6875	4.790885028103931e-13
6.71875	4.765781411002201e-13
6.75	4.687668981283311e-13
6.78125	4.633452909547087e-13
6.8125	4.627038769494662e-13
6.84375	4.619529585248028e-13
6.875	4.633293531827731e-13
6.90625	4.74166495997852e-13
6.9375	4.93400079907419e-13
6.96875	5.139905970459602e-13
7.0	5.320847386823535e-13
7.03125	5.421163192832756e-13
7.0625	5.354110167374304e-13
7.09375	5.146720723214759e-13
7.125	4.934484895344204e-13
7.15625	4.775433520842753e-13
7.1875	4.625990888094955e-13
7.21875	4.4586312723457477e-13
7.25	4.2915622227787664e-13
7.28125	4.154821831633265e-13
7.3125	4.0877295038460604e-13
7.34375	4.1353739551643065e-13
7.375	4.301776220395209e-13
7.40625	4.505438177485749e-13
7.4375	4.642427393029835e-13
7.46875	4.697248991679392e-13
7.5	4.713233384308346e-13
7.53125	4.710006256541943e-13
7.5625	4.719096749657148e-13
7.59375	4.791455318446658e-13
7.625	4.885221459131894e-13
7.65625	4.872485336211707e-13
7.6875	4.703836604079414e-13
7.71875	4.4608536157488e-13
7.75	4.2572350267451597e-13
7.78125	4.1612332611802583e-13
7.8125	4.179064863260584e-13
7.84375	4.246130628094563e-13
7.875	4.256759604092525e-13
7.90625	4.205656276793507e-13
7.9375	4.2549972334611497e-13
7.96875	4.5023219093914824e-13
8.0	4.780947773092015e-13
8.03125	4.885153154395028e-13
8.0625	4.846531704606749e-13
8.09375	4.794100771747523e-13
8.125	4.721545420263706e-13
8.15625	4.579744786528672e-13
8.1875	4.442666937456985e-13
8.21875	4.420666035922366e-13
8.25	4.50796003173895e-13
8.28125	4.59534049267879e-13
8.3125	4.565413802212759e-13
8.34375	4.397912427029499e-13
8.375	4.2238803600602726e-13
8.40625	4.1804033108425176e-13
8.4375	4.2329532348901744e-13
8.46875	4.243635878895674e-13
8.5	4.1661148814618743e-13
8.53125	4.1086228928614854e-13
8.5625	4.1894027309752335e-13
8.59375	4.354502327295895e-13
8.625	4.4593341064040615e-13
8.65625	4.4958166963565693e-13
8.6875	4.540186586063366e-13
8.71875	4.561158308685753e-13
8.75	4.501684398514061e-13
8.78125	4.451088477831766e-13
8.8125	4.522812788350372e-13
8.84375	4.631751254237371e-13
8.875	4.596430115862138e-13
8.90625	4.417244564916545e-13
8.9375	4.252807687173815e-13
8.96875	4.1861934925446764e-13
9.0	4.1764169705048315e-13
9.03125	4.1421271794461756e-13
9.0625	4.0193532096360896e-13
9.09375	3.8256810913628314e-13
9.125	3.688805717046856e-13
9.15625	3.747675997659017e-13
9.1875	3.9979770796033653e-13
9.21875	4.311369512267904e-13
9.25	4.578111978056909e-13
9.28125	4.728890347881209e-13
9.3125	4.71937484751439e-13
9.34375	4.596690324383534e-13
9.375	4.496247395669589e-13
9.40625	4.4961365359974526e-13
9.4375	4.533589215843792e-13
9.46875	4.5143741717913743e-13
9.5	4.4119851001778176e-13
9.53125	4.231384394346588e-13
9.5625	4.007983181453234e-13
9.59375	3.830242329902478e-13
9.625	3.7319959947899883e-13
9.65625	3.631988644298839e-13
9.6875	3.5043135385680324e-13
9.71875	3.487896549272257e-13
9.75	3.6812236202041215e-13
9.78125	3.9624992740142084e-13
9.8125	4.172881116169813e-13
9.84375	4.312442872418665e-13
9.875	4.4088918713797165e-13
9.90625	4.4052568125459157e-13
9.9375	4.294068898201553e-13
9.96875	4.164357118689732e-13
10.0	4.0730426301670286e-13
10.03125	4.020854829644982e-13
10.0625	4.025707718569027e-13
10.09375	4.11388994701542e-13
10.125	4.2694851560415303e-13
10.15625	4.441302469022912e-13
10.1875	4.584245851847746e-13
10.21875	4.674514356324544e-13
10.25	4.708687324599115e-13
10.28125	4.709359529946056e-13
10.3125	4.686076830393016e-13
10.34375	4.596403010807826e-13
10.375	4.418439626761167e-13
10.40625	4.2171959826163563e-13
10.4375	4.070028819178062e-13
10.46875	3.988383245629584e-13
10.5	3.928398676234651e-13
10.53125	3.83055945903793e-13
10.5625	3.684965201901369e-13
10.59375	3.5684926151177687e-13
10.625	3.579627913530281e-13
10.65625	3.7379593777892017e-13
10.6875	3.943558804161973e-13
10.71875	4.0758314692052044e-13
10.75	4.135537940742895e-13
10.78125	4.1864100619286304e-13
10.8125	4.209236312367054e-13
10.84375	4.1552517177946557e-13
10.875	4.0875888286141804e-13
10.90625	4.138673724476266e-13
10.9375	4.3165894036273356e-13
10.96875	4.449273252344482e-13
11.0	4.4089943284850164e-13
11.03125	4.293097995156092e-13
11.0625	4.2566625679980874e-13
11.09375	4.287941258573208e-13
11.125	4.279846334102888e-13
11.15625	4.207867778174834e-13
11.1875	4.120464820039915e-13
11.21875	4.062556226754749e-13
11.25	4.074807169202749e-13
11.28125	4.140715006116513e-13
11.3125	4.161848545913144e-13
11.34375	4.1025909340748623e-13
11.375	4.0362071324073767e-13
11.40625	3.9999134646834245e-13
11.4375	3.975380951076052e-13
11.46875	4.020189129511076e-13
11.5	4.254792861351636e-13
11.53125	4.695672019619512e-13
11.5625	5.240790440508292e-13
11.59375	5.878313244153666e-13
11.625	6.768153745784211e-13
11.65625	8.025396211301661e-13
11.6875	9.549646230039288e-13
11.71875	1.1124857545591338e-12
11.75	1.2539123385446604e-12
11.78125	1.363052791296393e-12
11.8125	1.4426465664435506e-12
11.84375	1.513488553234188e-12
11.875	1.5893191710608656e-12
11.90625	1.672256408867534e-12
11.9375	1.760313249332679e-12
11.96875	1.840015769957737e-12
12.0	1.890728676054443e-12
12.03125	1.9002928570988065e-12
12.0625	1.87044281972637e-12
12.09375	1.8163428660428194e-12
12.125	1.7552310516491532e-12
12.15625	1.69307016323339e-12
12.1875	1.6329705599879563e-12
12.21875	1.5839843542711507e-12
12.25	1.5481509303694185e-12
12.28125	1.5104321873099513e-12
12.3125	1.4438233594815664e-12
12.34375	1.3194576724620544e-12
12.375	1.128595480959227e-12
12.40625	9.045168043383955e-13
12.4375	7.047929947989751e-13
12.46875	5.649488580942996e-13
12.5	4.849882973521902e-13
12.53125	4.5364338912938507e-13
12.5625	4.591132704047374e-13
12.59375	4.821663901477535e-13
12.625	5.011968487803053e-13
12.65625	5.051318521451242e-13
12.6875	4.984147317955989e-13
12.71875	4.99353271406211e-13
12.75	5.264457489731478e-13
12.78125	5.772304834637809e-13
12.8125	6.314405920880561e-13
12.84375	6.734341816833078e-13
12.875	6.972411471968532e-13
12.90625	7.032528314028508e-13
12.9375	7.026928951908706e-13
12.96875	7.12222923866801e-13
13.0	7.376701788470996e-13
13.03125	7.67150286438284e-13
13.0625	7.819403219540277e-13
13.09375	7.7429452823366e-13
13.125	7.539456797593658e-13
13.15625	7.389227576169721e-13
13.1875	7.420918805671473e-13
13.21875	7.647892193672623e-13
13.25	7.964602284984967e-13
13.28125	8.201313976899383e-13
13.3125	8.263910389327833e-13
13.34375	8.212702978620257e-13
13.375	8.17924070486975e-13
13.40625	8.278776427415868e-13
13.4375	8.708394248768681e-13
13.46875	1.0102331297889844e-12
13.5	1.4276103086144354e-12
13.53125	2.5202151563569197e-12
13.5625	4.892975781489728e-12
13.59375	9.11142342130411e-12
13.625	1.5320356094861154e-11
13.65625	2.3056157677503464e-11
13.6875	3.14902097453551e-11
13.71875	3.9919810512767384e-11
13.75	4.802290162753131e-11
13.78125	5.5694525380456383e-11
13.8125	6.280074377196243e-11
13.84375	6.915762407189163e-11
13.875	7.461373185968512e-11
13.90625	7.909003313377738e-11
13.9375	8.261432510314748e-11
13.96875	8.53194251360101e-11
14.0	8.737579410000862e-11
14.03125	8.882340002402955e-11
14.0625	8.935517603614329e-11
14.09375	8.8422311139702e-11
14.125	8.58353249588717e-11
14.15625	8.226906655917077e-11
14.1875	7.88137263785238e-11
14.21875	7.580626404379842e-11
14.25	7.245263416999492e-11
14.28125	6.773063360165921e-11
14.3125	6.108701045004494e-11
14.34375	5.2184916110586954e-11
14.375	4.0945101476008716e-11
14.40625	2.8411646299519866e-11
14.4375	1.691380369095441e-11
14.46875	8.602341929064838e-12
14.5	3.950755521342497e-12
14.53125	1.9368480343867622e-12
14.5625	1.2680443717619228e-12
14.59375	1.1381130413101737e-12
14.625	1.217347728697804e-12
14.65625	1.399816569082335e-12
14.6875	1.6425923121676789e-12
14.71875	1.915129079627098e-12
14.75	2.1867006903125707e-12
14.78125	2.423810284424288e-12
14.8125	2.6066462356644227e-12
14.84375	2.7474452834325147e-12
14.875	2.8762933874937335e-12
14.90625	3.008237105597833e-12
14.9375	3.139486717471107e-12
14.96875	3.2634402992448575e-12
15.0	3.370575520078578e-12
15.03125	3.445062811413546e-12
15.0625	3.4721346891392058e-12
15.09375	3.4453490407870824e-12
15.125	3.3722402040942123e-12
15.15625	3.2784549814507402e-12
15.1875	3.1957659175213537e-12
15.21875	3.129918850139357e-12
15.25	3.0547992520973954e-12
15.28125	2.9476659828275853e-12
15.3125	2.7944526033440997e-12
15.34375	2.56455338736028e-12
15.375	2.232949502384285e-12
15.40625	1.8302616366927538e-12
15.4375	1.4475577854444754e-12
15.46875	1.2020261088568907e-12
15.5	1.212153316089426e-12
15.53125	1.6044717637830885e-12
15.5625	2.5159486039677548e-12
15.59375	4.03808150112317e-12
15.625	6.1410390661542635e-12
15.65625	8.681010771338649e-12
15.6875	1.1485844393643863e-11
15.71875	1.4399255225672203e-11
15.75	1.7259509793587924e-11
15.78125	1.9903838993640122e-11
15.8125	2.2227169757527143e-11
15.84375	2.4228985137653147e-11
15.875	2.5971983244610364e-11
15.90625	2.749034506976944e-11
15.9375	2.875477807251503e-11
15.96875	2.970074533537037e-11
16.0	3.028256811976604e-11
16.03125	3.051361247008444e-11
16.0625	3.042151253129788e-11
16.09375	2.9960908753956517e-11
16.125	2.906944476799289e-11
16.15625	2.7888507475593016e-11
16.1875	2.6758322987929795e-11
16.21875	2.580481661684786e-11
16.25	2.4726914960027102e-11
16.28125	2.3129638829222365e-11
16.3125	2.0819297674723458e-11
16.34375	1.7724467726853987e-11
16.375	1.38808391864087e-11
16.40625	9.691128108335612e-12
16.4375	5.960870252258443e-12
16.46875	3.404262765779875e-12
16.5	2.191401357251599e-12
16.53125	2.1055711427880874e-12
16.5625	2.966347870461683e-12
16.59375	4.743101311016629e-12
16.625	7.399308596389709e-12
16.65625	1.0782181571189486e-11
16.6875	1.4638623646590077e-11
16.71875	1.8721581576675028e-11
16.75	2.2891976508843115e-11
16.78125	2.7046222900173333e-11
16.8125	3.0990345706305433e-11
16.84375	3.4527894432478945e-11
16.875	3.758134081710551e-11
16.90625	4.0143756374622086e-11
16.9375	4.224403118979758e-11
16.96875	4.391692218219667e-11
17.0	4.512110823862159e-11
17.03125	4.578690551704234e-11
17.0625	4.58664772828854e-11
17.09375	4.525776975405904e-11
17.125	4.392860034063695e-11
17.15625	4.2172803443873974e-11
17.1875	4.0430207792763184e-11
17.21875	3.880161469904664e-11
17.25	3.696873362990516e-11
17.28125	3.453970789935035e-11
17.3125	3.123840075502926e-11
17.34375	2.6841103992203408e-11
17.375	2.1311367601195563e-11
17.40625	1.5198167377383776e-11
17.4375	9.702681366685617e-12
17.46875	6.082148239910934e-12
17.5	5.0922582123247295e-12
17.53125	7.225986736053569e-12
17.5625	1.3208711902024106e-11
17.59375	2.382399312550465e-11
17.625	3.926388381092494e-11
17.65625	5.875155917323127e-11
17.6875	8.065870193973979e-11
17.71875	1.0311644593752334e-10
17.75	1.249643721834559e-10
17.78125	1.4600030906475325e-10
17.8125	1.6608837916098906e-10
17.84375	1.8460270811981871e-10
17.875	2.0091363295282605e-10
17.90625	2.1481368073228424e-10
17.9375	2.2640861407907664e-10
17.96875	2.3587320985285487e-10
18.0	2.4314486535281787e-10
18.03125	2.476818750096754e-10
18.0625	2.4852195301683366e-10
18.09375	2.4476479176804844e-10
18.125	2.367074314335582e-10
18.15625	2.2655638476365425e-10
18.1875	2.1687696083461105e-10
18.21875	2.0799610644939293e-10
18.25	1.9773381543242152e-10
18.28125	1.836428092927278e-10
18.3125	1.6455083129418568e-10
18.34375	1.4002862758211165e-10
18.375	1.101223487398606e-10
18.40625	7.706145443986401e-11
18.4375	4.625321653461967e-11
18.46875	2.340262532374293e-11
18.5	1.0374584004380072e-11
18.53125	4.8340663069690315e-12
18.5625	3.2821707591362825e-12
18.59375	3.400859021479574e-12
18.625	4.223102336581297e-12
18.65625	5.411146791062249e-12
18.6875	6.777748501329839e-12
18.71875	8.197845180468732e-12
18.75	9.631058103809487e-12
18.78125	1.107657715548882e-11
18.8125	1.2500755638966687e-11
18.84375	1.3833235772142682e-11
18.875	1.5048727888822278e-11
18.90625	1.6217811815710803e-11
18.9375	1.741705217550571e-11
18.96875	1.861038406714144e-11
19.0	1.9690549538098345e-11
19.03125	2.0620944188309842e-11
19.0625	2.146827160487419e-11
19.09375	2.232714881034159e-11
19.125	2.3289571660090047e-11
19.15625	2.4474569940147184e-11
19.1875	2.6009366535517664e-11
19.21875	2.7970495711238108e-11
19.25	3.0419694541095055e-11
19.28125	3.347999655289868e-11
19.3125	3.733267514571814e-11
19.34375	4.228229572023068e-11
19.375	4.909270559516621e-11
19.40625	6.0053531591997e-11
19.4375	8.271869300635615e-11
19.46875	1.400484311853134e-10
19.5	2.8586863431989684e-10
19.53125	6.084573955789097e-10
19.5625	1.2014501615809081e-09
19.59375	2.1163890639996907e-09
19.625	3.340987042577126e-09
19.65625	4.820890353585128e-09
19.6875	6.505137761791957e-09
19.71875	8.373875814982057e-09
19.75	1.0394650473699585e-08
19.78125	1.244131908606505e-08
19.8125	1.4320892027797072e-08
19.84375	1.5909348505260823e-08
19.875	1.720743902922095e-08
19.90625	1.827135598375662e-08
19.9375	1.9145049989788276e-08
19.96875	1.9841051468461046e-08
20.0	2.033264756562403e-08
20.03125	2.0556131019588975e-08
20.0625	2.0438635672803684e-08
20.09375	1.9953834140551407e-08
20.125	1.9194793310362e-08
20.15625	1.8370949206314435e-08
20.1875	1.763731560799897e-08
20.21875	1.6914952993829502e-08
20.25	1.5964781496791147e-08
20.28125	1.461577792127855e-08
20.3125	1.281207939740625e-08
20.34375	1.0506751912942036e-08
20.375	7.744533903064621e-09
20.40625	4.893726313071056e-09
20.4375	2.5487074672980725e-09
20.46875	1.0716826315260164e-09
20.5	3.6634176248107053e-10
20.53125	1.0736841971059619e-10
20.5625	3.080306495983898e-11
20.59375	1.0524901263020414e-11
20.625	4.746355652257561e-12
20.65625	2.6822029840223305e-12
20.6875	1.7576809148781014e-12
20.71875	1.2719403438485322e-12
20.75	9.943093440614725e-13
20.78125	8.291393288097082e-13
20.8125	7.234923922981584e-13
20.84375	6.457597586002894e-13
20.875	5.814043365671984e-13
20.90625	5.300215019481136e-13
20.9375	4.953117451779454e-13
20.96875	4.747585245941377e-13
21.0	4.596861628326787e-13
21.03125	4.422454698456424e-13
21.0625	4.228271920959925e-13
21.09375	4.1062514716597165e-13
21.125	4.122172980562666e-13
21.15625	4.2303722916185726e-13
21.1875	4.3699972026439715e-13
21.21875	4.554826567998438e-13
21.25	4.766492105526265e-13
21.28125	4.885797170485484e-13
21.3125	4.871120867777634e-13
21.34375	4.879240457847378e-13
21.375	5.041552028281493e-13
21.40625	5.228129669639092e-13
21.4375	5.205801067997839e-13
21.46875	4.952162811766581e-13
21.5	4.653885241588662e-13
21.53125	4.4657859224819796e-13
21.5625	4.413406218175403e-13
21.59375	4.470808760096562e-13
21.625	4.604426648985305e-13
21.65625	4.75992238246209e-13
21.6875	4.929052500358966e-13
21.71875	5.206776849953076e-13
21.75	5.625328219731329e-13
21.78125	6.015337425217815e-13
21.8125	6.217952043009733e-13
21.84375	6.308582128911056e-13
21.875	6.460295623109125e-13
21.90625	6.716016089612642e-13
21.9375	7.000950925754867e-13
21.96875	7.236612025764144e-13
22.0	7.344462494771054e-13
22.03125	7.256525567066185e-13
22.0625	7.029431832623889e-13
22.09375	6.816083071223278e-13
22.125	6.681431666613613e-13
22.15625	6.584197705279682e-13
22.1875	6.487245094409511e-13
22.21875	6.380241929400399e-13
22.25	6.25007966388591e-13
22.28125	6.091296087321063e-13
22.3125	5.906657541548954e-13
22.34375	5.662828062372172e-13
22.375	5.342353079015871e-13
22.40625	5.027354400832795e-13
22.4375	4.784360841530999e-13
22.46875	4.565293455771613e-13
22.5	4.3589101512281347e-13
22.53125	4.2763340611651213e-13
22.5625	4.3666180155228773e-13
22.59375	4.495945716415095e-13
22.625	4.515201689099524e-13
22.65625	4.428785354941567e-13
22.6875	4.313990571019888e-13
22.71875	4.201590247596143e-13
22.75	4.0965774067251715e-13
22.78125	4.0056770834323574e-13
22.8125	3.9119074190900605e-13
22.84375	3.801874993211024e-13
22.875	3.7268422397630785e-13
22.90625	3.7599960579955127e-13
22.9375	3.886721402623222e-13
22.96875	4.0129729509015555e-13
23.0	4.0727301088908097e-13
23.03125	4.045198963124885e-13
23.0625	3.9380017259268985e-13
23.09375	3.841995081452221e-13
23.125	3.8892367516633886e-13
23.15625	4.0931963222502754e-13
23.1875	4.3092439339087463e-13
23.21875	4.3859954188506245e-13
23.25	4.3446865029272974e-13
23.28125	4.356154922457306e-13
23.3125	4.502711951123034e-13
23.34375	4.651020779448956e-13
23.375	4.653774110865982e-13
23.40625	4.581848138743294e-13
23.4375	4.583325906304392e-13
23.46875	4.616414130305391e-13
23.5	4.5348878189958863e-13
23.53125	4.3249773337347697e-13
23.5625	4.110694261112019e-13
23.59375	4.0136630455843425e-13
23.625	4.047070296074595e-13
23.65625	4.122956045581744e-13
23.6875	4.1788377229054485e-13
23.71875	4.250093929136084e-13
23.75	4.364717138063967e-13
23.78125	4.444172081122938e-13
23.8125	4.388353016474694e-13
23.84375	4.210116142430026e-13
23.875	4.0268122495322467e-13
23.90625	3.956180543752963e-13
23.9375	4.0470236753811784e-13
23.96875	4.219066502414437e-13
24.0	4.275147943988422e-13
24.03125	4.129138437419799e-13
24.0625	3.966814669711244e-13
24.09375	3.9982248197997783e-13
24.125	4.15582607389553e-13
24.15625	4.2544678717504336e-13
24.1875	4.300395217878006e-13
24.21875	4.40051153068749e-13
24.25	4.5236397635574355e-13
24.28125	4.551731712897078e-13
24.3125	4.459048961232698e-13
24.34375	4.302978871655039e-13
24.375	4.112647993426838e-13
24.40625	3.904152663051358e-13
24.4375	3.724774937270692e-13
24.46875	3.604312757542888e-13
24.5	3.55190513503037e-13
24.53125	3.5928958376160725e-13
24.5625	3.724101376671035e-13
24.59375	3.8653108491715216e-13
24.625	3.936305491628045e-13
24.65625	3.978885634598611e-13
24.6875	4.099106037241951e-13
24.71875	4.2986146868602415e-13
24.75	4.511382857997487e-13
24.78125	4.740993838833751e-13
24.8125	4.992144935281329e-13
24.84375	5.193835812822289e-13
24.875	5.336333046453146e-13
24.90625	5.512182507314001e-13
24.9375	5.720497860128848e-13
24.96875	5.819092495189249e-13
25.0	5.730780975633787e-13
25.03125	5.551174212144183e-13
25.0625	5.414538175457784e-13
25.09375	5.335455384794519e-13
25.125	5.230970279331004e-13
25.15625	5.085290370222817e-13
25.1875	4.99519913280122e-13
25.21875	5.000552923128954e-13
25.25	5.023835622681994e-13
25.28125	5.006351778448492e-13
25.3125	4.92892781710913e-13
25.34375	4.747244806459217e-13
25.375	4.4579715353237903e-13
25.40625	4.160158545776782e-13
25.4375	3.9503066074329796e-13
25.46875	3.8183228822687154e-13
25.5	3.725268520309716e-13
25.53125	3.7176175766290287e-13
25.5625	3.8759514803428374e-13
25.59375	4.183450732098831e-13
25.625	4.572452442716535e-13
25.65625	5.084199662837297e-13
25.6875	5.798457417341418e-13
25.71875	6.633166780602162e-13
25.75	7.392631970991326e-13
25.78125	7.990144461865467e-13
25.8125	8.469247980875949e-13
25.84375	8.833292712735752e-13
25.875	9.030357299606717e-13
25.90625	9.080330346140919e-13
25.9375	9.078617306708392e-13
25.96875	9.123477797898238e-13
26.0	9.286648056452962e-13
26.03125	9.552880405119812e-13
26.0625	9.772672037930419e-13
26.09375	9.790367301587555e-13
26.125	9.62890249305015e-13
26.15625	9.460016320642084e-13
26.1875	9.41805986497124e-13
26.21875	9.525649583355666e-13
26.25	9.706323201782996e-13
26.28125	9.777071730346365e-13
26.3125	9.558912906007522e-13
26.34375	9.031657258011527e-13
26.375	8.281234855841979e-13
26.40625	7.377673775718629e-13
26.4375	6.4210849094401e-13
26.46875	5.618083038713695e-13
26.5	5.163443999624262e-13
26.53125	5.069613891010849e-13
26.5625	5.226683886042083e-13
26.59375	5.559047146219687e-13
26.625	6.019187969233397e-13
26.65625	6.552055989775263e-13
26.6875	7.166845784369047e-13
26.71875	7.918227163360159e-13
26.75	8.770441512796767e-13
26.78125	9.60385525446139e-13
26.8125	1.0354382282140584e-12
26.84375	1.1072134962347713e-12
26.875	1.1859116119672386e-12
26.90625	1.2740213614984008e-12
26.9375	1.3593424346217131e-12
26.96875	1.4287522987627144e-12
27.0	1.489956378761259e-12
27.03125	1.5721171109719934e-12
27.0625	1.6931963643662673e-12
27.09375	1.82788094556241e-12
27.125	1.934915986115393e-12
27.15625	2.009928464982713e-12
27.1875	2.0810868219672818e-12
27.21875	2.174852962652518e-12
27.25	2.3075291677443488e-12
27.28125	2.4853955699066788e-12
27.3125	2.709495171629439e-12
27.34375	2.9956174259909707e-12
27.375	3.374807594838658e-12
27.40625	3.888322823442092e-12
27.4375	4.67417641050738e-12
27.46875	6.255345200156803e-12
27.5	1.0187894798618924e-11
27.53125	1.9918105359506555e-11
27.5625	4.066949901848638e-11
27.59375	7.730255324744917e-11
27.625	1.3177040014689112e-10
27.65625	2.0278759227387866e-10
27.6875	2.8723506906302987e-10
27.71875	3.8136813151901094e-10
27.75	4.814415532905514e-10
27.78125	5.838124428336755e-10
27.8125	6.848319134000747e-10
27.84375	7.81414766226618e-10
27.875	8.713922916570027e-10
27.90625	9.51670187099296e-10
27.9375	1.0172015452170058e-09
27.96875	1.0652831949897745e-09
28.0	1.0989048560006154e-09
28.03125	1.1220125939459535e-09
28.0625	1.1340109962176825e-09
28.09375	1.130986859720906e-09
28.125	1.1109970721179252e-09
28.15625	1.0786634918602545e-09
28.1875	1.0439035191822654e-09
28.21875	1.0125444926956106e-09
28.25	9.784756338504508e-10
28.28125	9.288362856629817e-10
28.3125	8.55167325841677e-10
28.34375	7.545035707323677e-10
28.375	6.238393690516375e-10
28.40625	4.6545878262804763e-10
28.4375	2.9981012117374917e-10
28.46875	1.607296379324552e-10
28.5	7.055008660605822e-11
28.53125	2.5918090590382192e-11
28.5625	8.917378120643082e-12
28.59375	3.854649672369037e-12
28.625	2.795902615329582e-12
28.65625	2.9537717757821547e-12
28.6875	3.5362203616717824e-12
28.71875	4.3079602385365234e-12
28.75	5.165426680137086e-12
28.78125	6.042736623579348e-12
28.8125	6.91484196291281e-12
28.84375	7.781983391019764e-12
28.875	8.619241605167804e-12
28.90625	9.38834947283862e-12
28.9375	1.0076506469502977e-11
28.96875	1.0668893719867345e-11
29.0	1.1121254958612603e-11
29.03125	1.1392573516511018e-11
29.0625	1.1480318432011138e-11
29.09375	1.1416405147623987e-11
29.125	1.1238531806567753e-11
29.15625	1.0983182245627443e-11
29.1875	1.0713189016464675e-11
29.21875	1.0483607905398262e-11
29.25	1.0246367122823674e-11
29.28125	9.86833097876838e-12
29.3125	9.24455911127664e-12
29.34375	8.312011669231456e-12
29.375	7.017162458738957e-12
29.40625	5.411765219981435e-12
29.4375	3.753695704961091e-12
29.46875	2.4037325949133326e-12
29.5	1.6225037806349984e-12
29.53125	1.505664299836229e-12
29.5625	2.079015345296531e-12
29.59375	3.37904747585438e-12
29.625	5.417108601968312e-12
29.65625	8.111455951365087e-12
29.6875	1.1308482796013042e-11
29.71875	1.487642647957088e-11
29.75	1.8713015512150655e-11
29.78125	2.2651562917030965e-11
29.8125	2.647287944412824e-11
29.84375	3.002270307361776e-11
29.875	3.323722547188268e-11
29.90625	3.6085794075102484e-11
29.9375	3.8536802221544875e-11
29.96875	4.0560471648021235e-11
30.0	4.21542939443853e-11
30.03125	4.3317949921517496e-11
30.0625	4.396055047761749e-11
30.09375	4.391956243132711e-11
30.125	4.316460730513505e-11
30.15625	4.193292241216895e-11
30.1875	4.0577041726663765e-11
30.21875	3.9242227523050843e-11
30.25	3.7707875016890213e-11
30.28125	3.560229541732518e-11
30.3125	3.270276410782813e-11
30.34375	2.8887885139550207e-11
30.375	2.3982026434166137e-11
30.40625	1.8046919861292032e-11
30.4375	1.1849780705286417e-11
30.46875	6.636525530512305e-12
30.5	3.22643951486401e-12
30.53125	1.5090639241682746e-12
30.5625	8.433925758298544e-13
30.59375	6.652680793403642e-13
30.625	6.805954454527918e-13
30.65625	7.66102947139663e-13
30.6875	8.683671186629494e-13
30.71875	9.676329832883357e-13
30.75	1.0639331212911052e-12
30.78125	1.1693448943514428e-12
30.8125	1.3041189222268157e-12
30.84375	1.4786110703879363e-12
30.875	1.6685718562045593e-12
30.90625	1.8217714663204543e-12
30.9375	1.9040075505821763e-12
30.96875	1.9341392636790244e-12
31.0	1.9677915980703675e-12
31.03125	2.0448894313962462e-12
31.0625	2.144174594820303e-12
31.09375	2.201528022383048e-12
31.125	2.1844193121012268e-12
31.15625	2.1255813949239144e-12
31.1875	2.0786818447082744e-12
31.21875	2.0612103603795395e-12
31.25	2.0504223319228743e-12
31.28125	2.0239684494355314e-12
31.3125	1.9797551185224416e-12
31.34375	1.9184046712306113e-12
31.375	1.8360124618560514e-12
31.40625	1.7460418961362523e-12
31.4375	1.7104177232538098e-12
31.46875	1.892161774486034e-12
31.5	2.6648741806994947e-12
31.53125	4.7246390827426765e-12
31.5625	8.992437003363385e-12
31.59375	1.617849430812779e-11
31.625	2.6354746510137694e-11
31.65625	3.90123489069083e-11
31.6875	5.349834117374108e-11
31.71875	6.932813351179234e-11
31.75	8.615247404364368e-11
31.78125	1.03571540233105e-10
31.8125	1.209983779837387e-10
31.84375	1.3763296058399987e-10
31.875	1.5265158581634353e-10
31.90625	1.655849624082606e-10
31.9375	1.76481260161232e-10
31.96875	1.855336162481791e-10
32.0	1.9260047723346219e-10
32.03125	1.972802199379231e-10
32.0625	1.9925090743999618e-10
32.09375	1.983002928529487e-10
32.125	1.9450988042457595e-10
32.15625	1.8888124397875572e-10
32.1875	1.8311957505900978e-10
32.21875	1.778975439181707e-10
32.25	1.716957270803121e-10
32.28125	1.6211018638578878e-10
32.3125	1.4783375912319485e-10
32.34375	1.286021289459427e-10
32.375	1.0419638762915184e-10
32.40625	7.558735581891796e-11
32.4375	4.6997086777800234e-11
32.46875	2.429498442702016e-11
32.5	1.0461965495311976e-11
32.53125	4.023873682174051e-12
32.5625	1.6815225427346814e-12
32.59375	9.703775326677655e-13
32.625	7.587248971457905e-13
32.65625	6.756992426519559e-13
32.6875	6.304304409239514e-13
32.71875	6.047703028470852e-13
32.75	5.884475849302073e-13
32.78125	5.729400786268213e-13
32.8125	5.559980644290197e-13
32.84375	5.37977269069595e-13
32.875	5.213535224195265e-13
32.90625	5.159670976064012e-13
32.9375	5.322728477592797e-13
32.96875	5.658510769321334e-13
33.0	6.019165200987775e-13
33.03125	6.328594332610793e-13
33.0625	6.557930197145789e-13
33.09375	6.617656726423671e-13
33.125	6.468091578830382e-13
33.15625	6.259555590873433e-13
33.1875	6.167091034896266e-13
33.21875	6.157430251438334e-13
33.25	6.079266864217336e-13
33.28125	5.892693017567341e-13
33.3125	5.665766792360694e-13
33.34375	5.426148896522931e-13
33.375	5.158848066615096e-13
33.40625	4.888654043209983e-13
33.4375	4.651200214908502e-13
33.46875	4.4419898532002677e-13
33.5	4.2872327324534887e-13
33.53125	4.291407181868101e-13
33.5625	4.506303099768849e-13
33.59375	4.864238352386696e-13
33.625	5.296511926961012e-13
33.65625	5.766917434042729e-13
33.6875	6.245761828733987e-13
33.71875	6.779825724272104e-13
33.75	7.470004974828581e-13
33.78125	8.2882756647501e-13
33.8125	9.024941709755152e-13
33.84375	9.516794904212977e-13
33.875	9.825773007732241e-13
33.90625	1.0121973788648764e-12
33.9375	1.0511873489715828e-12
33.96875	1.0959165432783413e-12
34.0	1.1310196485966872e-12
34.03125	1.1442482161436174e-12
34.0625	1.1366264917114788e-12
34.09375	1.1215626951471824e-12
34.125	1.1150052235675556e-12
34.15625	1.1172006245466215e-12
34.1875	1.1159760181927991e-12
34.21875	1.1121617949499951e-12
34.25	1.1136292625904542e-12
34.28125	1.1065395561643543e-12
34.3125	1.0648222754927605e-12
34.34375	9.813194094127065e-13
34.375	8.700700750152723e-13
34.40625	7.526833973800495e-13
34.4375	6.507154298902862e-13
34.46875	5.765813174130052e-13
34.5	5.285134851464035e-13
34.53125	5.002860647453089e-13
34.5625	4.892883515884849e-13
34.59375	4.89280979013712e-13
34.625	4.890871236652716e-13
34.65625	4.860923404244322e-13
34.6875	4.877365872291151e-13
34.71875	4.985182188929627e-13
34.75	5.159213442747224e-13
34.78125	5.353967594788622e-13
34.8125	5.516882523731725e-13
34.84375	5.606865340936074e-13
34.875	5.651436350145866e-13
34.90625	5.706451478883212e-13
34.9375	5.769769969958538e-13
34.96875	5.843391092177908e-13
35.0	6.027638240965749e-13
35.03125	6.449661226100301e-13
35.0625	7.101971463176204e-13
35.09375	7.823358389065505e-13
35.125	8.453780210582185e-13
35.15625	8.917753146174545e-13
35.1875	9.203672979990474e-13
35.21875	9.454236438860564e-13
35.25	9.994854336531356e-13
35.28125	1.1015715249695912e-12
35.3125	1.2378877220151074e-12
35.34375	1.3960009363767067e-12
35.375	1.5933561978501154e-12
35.40625	1.874905612708755e-12
35.4375	2.36335148499911e-12
35.46875	3.439990046288921e-12
35.5	6.002246876607442e-12
35.53125	1.1466674831872581e-11
35.5625	2.117056703554443e-11
35.59375	3.561975020494046e-11
35.625	5.452337886735492e-11
35.65625	7.743125585157884e-11
35.6875	1.0392382787660637e-10
35.71875	1.3328600723117034e-10
35.75	1.6441763228680628e-10
35.78125	1.9615831181596377e-10
35.8125	2.274938154522843e-10
35.84375	2.574040425251667e-10
35.875	2.8479027469607843e-10
35.90625	3.0876709522509316e-10
35.9375	3.289294392416764e-10
35.96875	3.451404995136187e-10
36.0	3.5716457569279214e-10
36.03125	3.646704049842242e-10
36.0625	3.6727162977534533e-10
36.09375	3.6457756258378993e-10
36.125	3.5712180435076846e-10
36.15625	3.4729955022960723e-10
36.1875	3.3773625562893983e-10
36.21875	3.280058447074907e-10
36.25	3.143826310392228e-10
36.28125	2.9327401618317595e-10
36.3125	2.632844220418207e-10
36.34375	2.2378458808258728e-10
36.375	1.7458615109156028e-10
36.40625	1.1972466074094967e-10
36.4375	6.925703760485291e-11
36.46875	3.3034758956107524e-11
36.5	1.3182641610265389e-11
36.53125	4.801022426836887e-12
36.5625	1.955083230725796e-12
36.59375	1.1084444993814113e-12
36.625	8.560601771727405e-13
36.65625	7.60079770390637e-13
36.6875	7.067957330519903e-13
36.71875	6.854276261153425e-13
36.75	6.982615440714879e-13
36.78125	7.235499092234088e-13
36.8125	7.338030465382783e-13
36.84375	7.27854083427959e-13
36.875	7.259065310655233e-13
36.90625	7.412846920497318e-13
36.9375	7.69496879410303e-13
36.96875	7.990538027254079e-13
37.0	8.224350020458182e-13
37.03125	8.379368704979073e-13
37.0625	8.489362641680986e-13
37.09375	8.581513321129219e-13
37.125	8.638591144499719e-13
37.15625	8.694633554795494e-13
37.1875	8.854416223662287e-13
37.21875	9.147619727672973e-13
37.25	9.484697098896544e-13
37.28125	9.83668224999179e-13
37.3125	1.0364162869938576e-12
37.34375	1.1210144141085565e-12
37.375	1.2248076901658078e-12
37.40625	1.3325399811359162e-12
37.4375	1.474740468632163e-12
37.46875	1.7418566589100237e-12
37.5	2.2918969239810183e-12
37.53125	3.3603564809220332e-12
37.5625	5.172019930388405e-12
37.59375	7.793939105216197e-12
37.625	1.115577248633759e-11
37.65625	1.5197813493794676e-11
37.6875	1.9885289595511502e-11
37.71875	2.5112457252562947e-11
37.75	3.0691407748584254e-11
37.78125	3.64304385269687e-11
37.8125	4.214473908747962e-11
37.84375	4.759237795526339e-11
37.875	5.253796009352385e-11
37.90625	5.688981924434344e-11
37.9375	6.063542723477866e-11
37.96875	6.36723104796566e-11
38.0	6.584214423677182e-11
38.03125	6.710595967795996e-11
38.0625	6.754605208492137e-11
38.09375	6.72108202426358e-11
38.125	6.618773584765592e-11
38.15625	6.48415765525101e-11
38.1875	6.357443044224809e-11
38.21875	6.222507925590648e-11
38.25	6.010126424316198e-11
38.28125	5.665784855168887e-11
38.3125	5.17753791229314e-11
38.34375	4.541704859417628e-11
38.375	3.759255753910118e-11
38.40625	2.9033280987689203e-11
38.4375	2.144540101056691e-11
38.46875	1.6400054925203023e-11
38.5	1.4105715727408263e-11
38.53125	1.3659671484200775e-11
38.5625	1.4143629843699213e-11
38.59375	1.5121584540089827e-11
38.625	1.644323392724356e-11
38.65625	1.801511197163652e-11
38.6875	1.978001790137185e-11
38.71875	2.1723184015498553e-11
38.75	2.383858041521414e-11
38.78125	2.6153027660180683e-11
38.8125	2.875675739200112e-11
38.84375	3.174615084700072e-11
38.875	3.5148897681303026e-11
38.90625	3.8954513226219234e-11
38.9375	4.32157504226538e-11
38.96875	4.7997973651181525e-11
39.0	5.322294688303586e-11
39.03125	5.883003112439056e-11
39.0625	6.512544670211895e-11
39.09375	7.264625706548955e-11
39.125	8.168179327361358e-11
39.15625	9.22511789180902e-11
39.1875	1.0455639132267436e-10
39.21875	1.1921046094709453e-10
39.25	1.3702569634510553e-10
39.28125	1.5896520211278187e-10
39.3125	1.8665194390088402e-10
39.34375	2.230238493883263e-10
39.375	2.7302063387857345e-10
39.40625	3.4610453392147633e-10
39.4375	4.669650777167078e-10
39.46875	7.078838626384254e-10
39.5	1.2485574796272658e-09
39.53125	2.410791344331642e-09
39.5625	4.554608690199302e-09
39.59375	7.854453976108289e-09
39.625	1.2223781986619997e-08
39.65625	1.7502133076163773e-08
39.6875	2.3601504750558888e-08
39.71875	3.043249563461359e-08
39.75	3.781585888873451e-08
39.78125	4.550607002329343e-08
39.8125	5.3245447162453274e-08
39.84375	6.079381620338609e-08
39.875	6.793640494606734e-08
39.90625	7.447602712318258e-08
39.9375	8.023059194783855e-08
39.96875	8.50515462502699e-08
40.0	8.883767321776759e-08
40.03125	9.1522615264239e-08
40.0625	9.30495289708233e-08
40.09375	9.334631556612294e-08
40.125	9.237594156275009e-08
40.15625	9.03284558262385e-08
40.1875	8.764926207049939e-08
40.21875	8.454863120732625e-08
40.25	8.05445878881983e-08
40.28125	7.485026287668006e-08
40.3125	6.704600252760429e-08
40.34375	5.700822924836757e-08
40.375	4.470383530019717e-08
40.40625	3.094961797955875e-08
40.4375	1.8062859652445695e-08
40.46875	8.590727240687102e-09
40.5	3.3003588750801782e-09
40.53125	1.0591967303241745e-09
40.5625	3.1585276061285583e-10
40.59375	1.0513584447480184e-10
40.625	4.454015628541086e-11
40.65625	2.3174394694902567e-11
40.6875	1.3561180824128716e-11
40.71875	8.492099384804774e-12
40.75	5.5927163941649205e-12
40.78125	3.862167096552183e-12
40.8125	2.799806827352702e-12
40.84375	2.1410616335426624e-12
40.875	1.7418841976452049e-12
40.90625	1.5032864276315339e-12
40.9375	1.345284669253266e-12
40.96875	1.2228246843923318e-12
41.0	1.1267805265224862e-12
41.03125	1.0594667504415511e-12
41.0625	1.0216723300704444e-12
41.09375	1.0093916804829184e-12
41.125	1.0075090718306146e-12
41.15625	9.934544506484677e-13
41.1875	9.515215221647666e-13
41.21875	8.872368443234302e-13
41.25	8.254343389357821e-13
41.28125	7.825207495870679e-13
41.3125	7.470918957259987e-13
41.34375	7.00243086172031e-13
41.375	6.400910617515576e-13
41.40625	5.750959604367001e-13
41.4375	5.133888648402307e-13
41.46875	4.642095085063969e-13
41.5	4.32562080772414e-13
41.53125	4.1473394813903997e-13
41.5625	4.068003529519859e-13
41.59375	4.080805517722025e-13
41.625	4.1294940557323745e-13
41.65625	4.126348514179451e-13
41.6875	4.106304055465082e-13
41.71875	4.220374863386084e-13
41.75	4.511354397690459e-13
41.78125	4.818319679876504e-13
41.8125	4.97807144898138e-13
41.84375	5.027715982257319e-13
41.875	5.105176806470546e-13
41.90625	5.249977427616848e-13
41.9375	5.407712580680901e-13
41.96875	5.531322470365974e-13
42.0	5.615715683270073e-13
42.03125	5.693821607775928e-13
42.0625	5.800308150449851e-13
42.09375	5.897874419749649e-13
42.125	5.915469936806916e-13
42.15625	5.885051560655663e-13
42.1875	5.901702195519609e-13
42.21875	5.969864359800514e-13
42.25	6.007309450231646e-13
42.28125	5.953285824381038e-13
42.3125	5.78387327181823e-13
42.34375	5.468887604061223e-13
42.375	5.027448184320715e-13
42.40625	4.555864149477507e-13
42.4375	4.123512512346772e-13
42.46875	3.7734838040717755e-13
42.5	3.58436912963056e-13
42.53125	3.552626400525616e-13
42.5625	3.529181341697246e-13
42.59375	3.441606266467445e-13
42.625	3.449734530154569e-13
42.65625	3.737808402636683e-13
42.6875	4.2772789433584424e-13
42.71875	4.923142514316747e-13
42.75	5.60258220025367e-13
42.78125	6.268879187455723e-13
42.8125	6.824480759150264e-13
42.84375	7.266542510937779e-13
42.875	7.775946228062713e-13
42.90625	8.474183269165103e-13
42.9375	9.197116809453454e-13
42.96875	9.656105125557812e-13
43.0	9.757465018259137e-13
43.03125	9.652371133275772e-13
43.0625	9.514443269700856e-13
43.09375	9.416242742130154e-13
43.125	9.366713134284499e-13
43.15625	9.304591602407597e-13
43.1875	9.15389942665601e-13
43.21875	8.966572601597222e-13
43.25	8.840331353239528e-13
43.28125	8.704492747250991e-13
43.3125	8.420897984993958e-13
43.34375	8.010557278267938e-13
43.375	7.570246512988987e-13
43.40625	7.105552040850838e-13
43.4375	6.563568048442714e-13
43.46875	5.968196856859231e-13
43.5	5.569628417322059e-13
43.53125	5.954825933567054e-13
43.5625	7.938892056767732e-13
43.59375	1.210229616174785e-12
43.625	1.8391661891353772e-12
43.65625	2.645931867703566e-12
43.6875	3.6363427460134323e-12
43.71875	4.844796005348817e-12
43.75	6.24881006314193e-12
43.78125	7.761465949107649e-12
43.8125	9.337718966107023e-12
43.84375	1.1006164729598922e-11
43.875	1.273479065255767e-11
43.90625	1.4363318694143867e-11
43.9375	1.5735725222842945e-11
43.96875	1.6816293149646278e-11
44.0	1.7649924924367788e-11
44.03125	1.8271335833208724e-11
44.0625	1.867408137845583e-11
44.09375	1.8829571582501536e-11
44.125	1.8713511643064784e-11
44.15625	1.836383475839476e-11
44.1875	1.7890973424972145e-11
44.21875	1.7361660720194294e-11
44.25	1.672910768246716e-11
44.28125	1.5884651233255553e-11
44.3125	1.47155621021966e-11
44.34375	1.3160285361468738e-11
44.375	1.1223478743604964e-11
44.40625	8.926752566307261e-12
44.4375	6.392639455982119e-12
44.46875	3.998655139642038e-12
44.5	2.2039876434315486e-12
44.53125	1.1725364602865884e-12
44.5625	7.179053358730147e-13
44.59375	5.639615293859257e-13
44.625	5.314158401520386e-13
44.65625	5.377080074600582e-13
44.6875	5.47602273855835e-13
44.71875	5.547265663312373e-13
44.75	5.713962831534192e-13
44.78125	6.076687005147907e-13
44.8125	6.605051249865268e-13
44.84375	7.209333499104409e-13
44.875	7.771216938186332e-13
44.90625	8.166258468056409e-13
44.9375	8.408908335269527e-13
44.96875	8.644617140174393e-13
45.0	8.937363652969377e-13
45.03125	9.209916900301818e-13
45.0625	9.35940235903543e-13
45.09375	9.328413692541448e-13
45.125	9.125478150906474e-13
45.15625	8.853448573223344e-13
45.1875	8.676761024083157e-13
45.21875	8.687625814053634e-13
45.25	8.801085402999898e-13
45.28125	8.820137003574813e-13
45.3125	8.618155017750539e-13
45.34375	8.238773161958757e-13
45.375	7.79679109903092e-13
45.40625	7.316587656916451e-13
45.4375	6.718165520419594e-13
45.46875	5.949757288410684e-13
45.5	5.128222065747812e-13
45.53125	4.498404144841206e-13
45.5625	4.172771882800935e-13
45.59375	4.0212960999291836e-13
45.625	3.892236468024113e-13
45.65625	3.7747851177293013e-13
45.6875	3.7050218578901783e-13
45.71875	3.694947451303443e-13
45.75	3.778998056321037e-13
45.78125	3.990513160797432e-13
45.8125	4.3043425269374824e-13
45.84375	4.685543945025239e-13
45.875	5.107762086550838e-13
45.90625	5.4904350380372e-13
45.9375	5.754449651160232e-13
45.96875	5.917293564861037e-13
46.0	6.030604076008583e-13
46.03125	6.080413950115826e-13
46.0625	6.020361075984026e-13
46.09375	5.874055040121229e-13
46.125	5.715269837253123e-13
46.15625	5.576754878201806e-13
46.1875	5.461039606635687e-13
46.21875	5.361112487105302e-13
46.25	5.236770760953802e-13
46.28125	5.067327850730163e-13
46.3125	4.91744015299056e-13
46.34375	4.851090232640964e-13
46.375	4.825762727790617e-13
46.40625	4.785982265879951e-13
46.4375	4.747758176187888e-13
46.46875	4.683507813345311e-13
46.5	4.4898386766280274e-13
46.53125	4.1702999018476683e-13
46.5625	3.9095135006932125e-13
46.59375	3.849891596924976e-13
46.625	3.8883813161492975e-13
46.65625	3.818839775654448e-13
46.6875	3.610123810136867e-13
46.71875	3.4336029570807003e-13
46.75	3.4388870874188515e-13
46.78125	3.570520886331946e-13
46.8125	3.629602857418285e-13
46.84375	3.4945283429108076e-13
46.875	3.266667806482021e-13
46.90625	3.181711892650402e-13
46.9375	3.3325309200561704e-13
46.96875	3.53965419258237e-13
47.0	3.59535833180033e-13
47.03125	3.5153368931062356e-13
47.0625	3.4286993817050915e-13
47.09375	3.385628095150389e-13
47.125	3.385745460035561e-13
47.15625	3.4370802644984044e-13
47.1875	3.5087468412513256e-13
47.21875	3.5379652766481806e-13
47.25	3.4986081956858706e-13
47.28125	3.396708099252105e-13
47.3125	3.2481677937623576e-13
47.34375	3.112241909498936e-13
47.375	3.0687605234724913e-13
47.40625	3.1209670264820133e-13
47.4375	3.181477433930602e-13
47.46875	3.189162258929179e-13
47.5	3.19905045379279e-13
47.53125	3.2859118529425524e-13
47.5625	3.3973464232811557e-13
47.59375	3.42830933997354e-13
47.625	3.391085968886681e-13
47.65625	3.3754455393969485e-13
47.6875	3.414111441474299e-13
47.71875	3.5034095850067226e-13
47.75	3.6694592134810244e-13
47.78125	3.8808962554010007e-13
47.8125	3.982897995788437e-13
47.84375	3.870627234524304e-13
47.875	3.641021132597816e-13
47.90625	3.4518395086724496e-13
47.9375	3.351045569505162e-13
47.96875	3.31737350263428e-13
48.0	3.3175467039313344e-13
48.03125	3.297197584406497e-13
48.0625	3.251162902263849e-13
48.09375	3.2752489956267006e-13
48.125	3.4318687757058097e-13
48.15625	3.6256476878930577e-13
48.1875	3.7347810391205605e-13
48.21875	3.7655555756854753e-13
48.25	3.762511678086222e-13
48.28125	3.702367730971934e-13
48.3125	3.5587209719877e-13
48.34375	3.3648496315652476e-13
48.375	3.171388119563995e-13
48.40625	3.026914927473784e-13
48.4375	2.9966597237494896e-13
48.46875	3.095061912924274e-13
48.5	3.262097081173365e-13
48.53125	3.4630390460636817e-13
48.5625	3.667734789925686e-13
48.59375	3.7748910984916617e-13
48.625	3.7388031581299386e-13
48.65625	3.6858461161665135e-13
48.6875	3.7424604431082753e-13
48.71875	3.836017332774222e-13
48.75	3.814677252463733e-13
48.78125	3.664088075918531e-13
48.8125	3.481241716337541e-13
48.84375	3.3462449933359395e-13
48.875	3.2856302314282493e-13
48.90625	3.273925997925725e-13
48.9375	3.2459652370489533e-13
48.96875	3.16782217861869e-13
49.0	3.112904357026325e-13
49.03125	3.187715391129997e-13
49.0625	3.364206970727507e-13
49.09375	3.510254966473253e-13
49.125	3.581997437378248e-13
49.15625	3.619283421140568e-13
49.1875	3.613194541739889e-13
49.21875	3.565291237152962e-13
49.25	3.5688712727265093e-13
49.28125	3.6710646458479324e-13
49.3125	3.757826298397826e-13
49.34375	3.684614191448027e-13
49.375	3.456844999052272e-13
49.40625	3.204914361242678e-13
49.4375	3.04252093354454e-13
49.46875	2.992975604767384e-13
49.5	2.980599436968462e-13
49.53125	2.905210523106855e-13
49.5625	2.774016368174703e-13
49.59375	2.7165579898416614e-13
49.625	2.829138832927125e-13
49.65625	3.0427917130371185e-13
49.6875	3.234253414131222e-13
49.71875	3.401030000162175e-13
49.75	3.5764441538507774e-13
49.78125	3.684812871496135e-13
49.8125	3.65698817799201e-13
49.84375	3.5742269604080446e-13
49.875	3.538870856512749e-13
49.90625	3.5241595882848364e-13
49.9375	3.471862283343369e-13
49.96875	3.390998690611796e-13
50.0	3.30227951103948e-13
50.03125	3.2287944561927573e-13
50.0625	3.2116469856832697e-13
50.09375	3.2245603756586583e-13
50.125	3.1651460966064526e-13
50.15625	3.026718957931107e-13
50.1875	2.9683381945998233e-13
50.21875	3.099972535614004e-13
50.25	3.311447524610017e-13
50.28125	3.441985195126729e-13
50.3125	3.476752848292908e-13
50.34375	3.472695763763467e-13
50.375	3.4506623361636735e-13
50.40625	3.4120777492492593e-13
50.4375	3.3523926907044754e-13
50.46875	3.2707869615858365e-13
50.5	3.2123186489291244e-13
50.53125	3.242208747571834e-13
50.5625	3.3537414382070474e-13
50.59375	3.466768972587575e-13
50.625	3.5204307459631157e-13
50.65625	3.5059574601120636e-13
50.6875	3.4356870647067606e-13
50.71875	3.3484673367389917e-13
50.75	3.3205792174077764e-13
50.78125	3.396617297320159e-13
50.8125	3.5042666468240724e-13
50.84375	3.5184076247092577e-13
50.875	3.424593508077889e-13
50.90625	3.3202577514636344e-13
50.9375	3.278805449802996e-13
50.96875	3.300435283144082e-13
