Mass	Ion Current
1.0	9.553179775023679e-11
1.03125	1.0519270177145046e-10
1.0625	1.2342488142635943e-10
1.09375	1.5514622919710064e-10
1.125	2.0351824392417228e-10
1.15625	2.6784185980233133e-10
1.1875	3.438070106387414e-10
1.21875	4.254697705263766e-10
1.25	5.061164820574504e-10
1.28125	5.762263999287143e-10
1.3125	6.215304382273246e-10
1.34375	6.282618869590806e-10
1.375	5.966595550965792e-10
1.40625	5.508837830348057e-10
1.4375	5.342580267075903e-10
1.46875	5.947930481475794e-10
1.5	7.74507125100854e-10
1.53125	1.1091028095933098e-09
1.5625	1.636386470771356e-09
1.59375	2.4105288876086206e-09
1.625	3.5158318478778483e-09
1.65625	5.0636939086246e-09
1.6875	7.1525838585273505e-09
1.71875	9.790982247182e-09
1.75	1.2846031793856127e-08
1.78125	1.6111158629428246e-08
1.8125	1.9443938015228923e-08
1.84375	2.2811631694708012e-08
1.875	2.6238341277462496e-08
1.90625	2.976139334975869e-08
1.9375	3.340768728321564e-08
1.96875	3.715626206712841e-08
2.0	4.090208705065379e-08
2.03125	4.444822820914851e-08
2.0625	4.754476279344999e-08
2.09375	4.99678698417938e-08
2.125	5.155213145258131e-08
2.15625	5.2145921358714986e-08
2.1875	5.168303829350407e-08
2.21875	5.040038431047833e-08
2.25	4.8765553373186776e-08
2.28125	4.6933870123666566e-08
2.3125	4.434247102835798e-08
2.34375	3.998948017169823e-08
2.375	3.320601038581117e-08
2.40625	2.443777447069806e-08
2.4375	1.5403374575839734e-08
2.46875	8.12255418480845e-09
2.5	3.56425222669543e-09
2.53125	1.3325445191725294e-09
2.5625	4.550019805371619e-10
2.59375	1.60754132227936e-10
2.625	6.753821807370386e-11
2.65625	3.635746911867521e-11
2.6875	2.508163121639484e-11
2.71875	2.125290568533167e-11
2.75	2.0676370338090777e-11
2.78125	2.1673059180660204e-11
2.8125	2.344162190748289e-11
2.84375	2.5521876279022138e-11
2.875	2.7688532022729362e-11
2.90625	2.987152886158029e-11
2.9375	3.198259018732941e-11
2.96875	3.388002031701198e-11
3.0	3.549298355220998e-11
3.03125	3.682582364050724e-11
3.0625	3.78257737632115e-11
3.09375	3.8368499349905605e-11
3.125	3.8373488414622514e-11
3.15625	3.786521790560826e-11
3.1875	3.696204106673484e-11
3.21875	3.584543772916504e-11
3.25	3.4656721936698887e-11
3.28125	3.3315978448245076e-11
3.3125	3.1461125371556875e-11
3.34375	2.8618548503223096e-11
3.375	2.4438631673895372e-11
3.40625	1.8967046683249222e-11
3.4375	1.2954443941171068e-11
3.46875	7.678052638127042e-12
3.5	4.078003126156693e-12
3.53125	2.1687400139636104e-12
3.5625	1.3608074085971755e-12
3.59375	1.0744751442748335e-12
3.625	9.910450281605532e-13
3.65625	9.849756643989793e-13
3.6875	1.0081589426128024e-12
3.71875	1.038333156434812e-12
3.75	1.0705696312091062e-12
3.78125	1.1102570685733726e-12
3.8125	1.158687945937431e-12
3.84375	1.2084940253370702e-12
3.875	1.254288990379382e-12
3.90625	1.2992521555149628e-12
3.9375	1.345833383972761e-12
3.96875	1.3847008392339766e-12
4.0	1.3995157029794703e-12
4.03125	1.3833023268516875e-12
4.0625	1.346334176956232e-12
4.09375	1.3048531439380229e-12
4.125	1.2624502138125493e-12
4.15625	1.2133018114507399e-12
4.1875	1.1649127842905393e-12
4.21875	1.135686596848151e-12
4.25	1.1255705568979923e-12
4.28125	1.1098800914779994e-12
4.3125	1.0693371101794247e-12
4.34375	1.0067243262981695e-12
4.375	9.25738218721106e-13
4.40625	8.22443838293524e-13
4.4375	7.082658027776634e-13
4.46875	6.120251874741633e-13
4.5	5.537607048258786e-13
4.53125	5.336434961457359e-13
4.5625	5.380518079689534e-13
4.59375	5.452727570680327e-13
4.625	5.39280696921357e-13
4.65625	5.25624899508359e-13
4.6875	5.217960937463351e-13
4.71875	5.322881350099118e-13
4.75	5.438288166147165e-13
4.78125	5.442521433529635e-13
4.8125	5.369289539890187e-13
4.84375	5.324342854627628e-13
4.875	5.330820420507143e-13
4.90625	5.325782675112689e-13
4.9375	5.269180274394825e-13
4.96875	5.194129631611033e-13
5.0	5.184312180939177e-13
5.03125	5.308095542971847e-13
5.0625	5.509193904025544e-13
5.09375	5.64109956663339e-13
5.125	5.650745171260907e-13
5.15625	5.597171489311881e-13
5.1875	5.524348339891461e-13
5.21875	5.448880279271262e-13
5.25	5.416895773081853e-13
5.28125	5.471282606660244e-13
5.3125	5.579579224861131e-13
5.34375	5.649529780625551e-13
5.375	5.642361577962163e-13
5.40625	5.63832346697074e-13
5.4375	5.728655939375715e-13
5.46875	5.865297397072977e-13
5.5	5.930569078362036e-13
5.53125	5.933176584586863e-13
5.5625	5.981260950936595e-13
5.59375	6.10282603532436e-13
5.625	6.222235183692137e-13
5.65625	6.272813215038586e-13
5.6875	6.272290087490362e-13
5.71875	6.311320281497668e-13
5.75	6.461863921551625e-13
5.78125	6.66107251821868e-13
5.8125	6.755065799259052e-13
5.84375	6.713854732581792e-13
5.875	6.684066819993839e-13
5.90625	6.775931270068536e-13
5.9375	6.932625046945917e-13
5.96875	7.072424785571629e-13
6.0	7.201733783976372e-13
6.03125	7.310191948300959e-13
6.0625	7.326715731510725e-13
6.09375	7.250810195313928e-13
6.125	7.193166418409391e-13
6.15625	7.210170503181568e-13
6.1875	7.20353464378487e-13
6.21875	7.070776798269451e-13
6.25	6.843727516116227e-13
6.28125	6.612521402833693e-13
6.3125	6.41837819871649e-13
6.34375	6.239009417603747e-13
6.375	6.016009630564756e-13
6.40625	5.722177831395114e-13
6.4375	5.404931602108476e-13
6.46875	5.140699064348775e-13
6.5	4.983579196017607e-13
6.53125	4.936725941234732e-13
6.5625	4.954339889728931e-13
6.59375	5.002264336258222e-13
6.625	5.057225254886943e-13
6.65625	5.065484164935852e-13
6.6875	5.008956574167889e-13
6.71875	4.953963129473993e-13
6.75	4.947139703101455e-13
6.78125	4.936177334935454e-13
6.8125	4.870957695350675e-13
6.84375	4.782985531075201e-13
6.875	4.705394602601276e-13
6.90625	4.653883615285404e-13
6.9375	4.667817239505101e-13
6.96875	4.722826947231584e-13
7.0	4.711257967950078e-13
7.03125	4.628105082331302e-13
7.0625	4.635250516749068e-13
7.09375	4.824771767004965e-13
7.125	5.028821868473254e-13
7.15625	5.024375555363891e-13
7.1875	4.822690098833793e-13
7.21875	4.606480127899992e-13
7.25	4.510172888372993e-13
7.28125	4.535795838315343e-13
7.3125	4.568218633232979e-13
7.34375	4.481432044033118e-13
7.375	4.3170965391935157e-13
7.40625	4.270707865041551e-13
7.4375	4.430886809802387e-13
7.46875	4.666305861676656e-13
7.5	4.813350781320003e-13
7.53125	4.844640313916848e-13
7.5625	4.82675206227301e-13
7.59375	4.813168093253939e-13
7.625	4.828797409671404e-13
7.65625	4.88870500071209e-13
7.6875	4.974578149581632e-13
7.71875	5.044182302751943e-13
7.75	5.077994773804162e-13
7.78125	5.041357413991532e-13
7.8125	4.870836806808443e-13
7.84375	4.602617115559426e-13
7.875	4.3679987469895376e-13
7.90625	4.217765188756911e-13
7.9375	4.1297642931238665e-13
7.96875	4.144901652805566e-13
8.0	4.310389122453434e-13
8.03125	4.538866298867822e-13
8.0625	4.688660484170049e-13
8.09375	4.729785356774596e-13
8.125	4.716729936314612e-13
8.15625	4.693350200667135e-13
8.1875	4.671665073015252e-13
8.21875	4.624014387534514e-13
8.25	4.516398919348491e-13
8.28125	4.388433247435458e-13
8.3125	4.3414089597598737e-13
8.34375	4.4074111222626444e-13
8.375	4.5068156563458917e-13
8.40625	4.556945099043475e-13
8.4375	4.541235822715789e-13
8.46875	4.495940566454776e-13
8.5	4.4824387257502707e-13
8.53125	4.5381482859790934e-13
8.5625	4.643680730741229e-13
8.59375	4.742750246353178e-13
8.625	4.767714001374657e-13
8.65625	4.677278529763296e-13
8.6875	4.518129306015778e-13
8.71875	4.40312445792318e-13
8.75	4.3806806598011006e-13
8.78125	4.3746083144835524e-13
8.8125	4.2835095821931735e-13
8.84375	4.1211424463977187e-13
8.875	4.036663039420907e-13
8.90625	4.134959518883874e-13
8.9375	4.3241259639788254e-13
8.96875	4.4686281584771503e-13
9.0	4.585482926526552e-13
9.03125	4.725848618686301e-13
9.0625	4.809557700019562e-13
9.09375	4.771048465156136e-13
9.125	4.723345195870032e-13
9.15625	4.780277736149419e-13
9.1875	4.859381126653961e-13
9.21875	4.822133361018222e-13
9.25	4.671836919059591e-13
9.28125	4.50301552773133e-13
9.3125	4.38017433738655e-13
9.34375	4.3043856239738387e-13
9.375	4.2284600300368513e-13
9.40625	4.1309146316288736e-13
9.4375	4.0702578568869996e-13
9.46875	4.124501846829165e-13
9.5	4.2770293058082276e-13
9.53125	4.408012854468374e-13
9.5625	4.4741689736796375e-13
9.59375	4.57551910856141e-13
9.625	4.730313363232597e-13
9.65625	4.791448813233623e-13
9.6875	4.69259776435943e-13
9.71875	4.571954251818278e-13
9.75	4.55271833687404e-13
9.78125	4.573774085164795e-13
9.8125	4.5169090364706455e-13
9.84375	4.3676862257133187e-13
9.875	4.2099207149884355e-13
9.90625	4.132606258068494e-13
9.9375	4.158782964270441e-13
9.96875	4.2291544615283283e-13
10.0	4.236576638550621e-13
10.03125	4.1534069477981717e-13
10.0625	4.126488918360788e-13
10.09375	4.2977774117325396e-13
10.125	4.571100984708532e-13
10.15625	4.76546699237218e-13
10.1875	4.901918714689257e-13
10.21875	5.086228205102017e-13
10.25	5.242832535300168e-13
10.28125	5.21482867738704e-13
10.3125	5.025161601938943e-13
10.34375	4.83534544869213e-13
10.375	4.718151867463827e-13
10.40625	4.631848290331808e-13
10.4375	4.552730805199023e-13
10.46875	4.506789906544295e-13
10.5	4.516664277830207e-13
10.53125	4.568751518600755e-13
10.5625	4.594924159044556e-13
10.59375	4.5226149214538935e-13
10.625	4.4053229488784373e-13
10.65625	4.426983681981439e-13
10.6875	4.679701721618801e-13
10.71875	4.99780338641953e-13
10.75	5.13646796537065e-13
10.78125	5.059680972807623e-13
10.8125	4.927080878708301e-13
10.84375	4.861359253517661e-13
10.875	4.845926719794502e-13
10.90625	4.840401625523516e-13
10.9375	4.903646390851113e-13
10.96875	5.1593798677807e-13
11.0	5.635549535712436e-13
11.03125	6.138759205825961e-13
11.0625	6.443018861490568e-13
11.09375	6.620990648104064e-13
11.125	6.923646226654478e-13
11.15625	7.369636042912908e-13
11.1875	7.756453357203597e-13
11.21875	8.050869541344208e-13
11.25	8.454396579517243e-13
11.28125	9.079015208905694e-13
11.3125	9.875761233096858e-13
11.34375	1.0856757116581295e-12
11.375	1.2147239594403891e-12
11.40625	1.3984019020876759e-12
11.4375	1.6982892956513007e-12
11.46875	2.284845056210738e-12
11.5	3.6044004152885334e-12
11.53125	6.595159314504162e-12
11.5625	1.2627130244191598e-11
11.59375	2.2843223840274263e-11
11.625	3.7244755890508685e-11
11.65625	5.4495824519662506e-11
11.6875	7.276376723375222e-11
11.71875	9.06697217306629e-11
11.75	1.075277436535238e-10
11.78125	1.2307366237251927e-10
11.8125	1.3718491620462459e-10
11.84375	1.4979235907208732e-10
11.875	1.609313515782418e-10
11.90625	1.7073154001678859e-10
11.9375	1.793211273914963e-10
11.96875	1.8671664214764405e-10
12.0	1.9261538197756778e-10
12.03125	1.9628386416226107e-10
12.0625	1.9687304564364183e-10
12.09375	1.9403076367829897e-10
12.125	1.8838611226534852e-10
12.15625	1.8144752367277306e-10
12.1875	1.7464396595556764e-10
12.21875	1.6811321779108823e-10
12.25	1.6047208006852998e-10
12.28125	1.4982627638548962e-10
12.3125	1.3471622428706809e-10
12.34375	1.1424089452205521e-10
12.375	8.869364964692039e-11
12.40625	6.101505412026142e-11
12.4375	3.639737469751658e-11
12.46875	1.9084430216698145e-11
12.5	9.848086755803731e-12
12.53125	6.922604416786937e-12
12.5625	8.483969603234609e-12
12.59375	1.369192606515135e-11
12.625	2.213755047331123e-11
12.65625	3.313359656087478e-11
12.6875	4.5630006717534144e-11
12.71875	5.858153545590383e-11
12.75	7.126002565804868e-11
12.78125	8.32558327834576e-11
12.8125	9.430312086777803e-11
12.84375	1.041828151526758e-10
12.875	1.1278902117828338e-10
12.90625	1.2019209238989248e-10
12.9375	1.2653510184090777e-10
12.96875	1.3188683478659868e-10
13.0	1.3618751959487696e-10
13.03125	1.3919133901030278e-10
13.0625	1.4045485607905306e-10
13.09375	1.3956598376996254e-10
13.125	1.3653507491273587e-10
13.15625	1.3205073146060897e-10
13.1875	1.272565247623092e-10
13.21875	1.2284354089509009e-10
13.25	1.1820970591269742e-10
13.28125	1.1186971488053032e-10
13.3125	1.0254390392372414e-10
13.34375	8.945061358289763e-11
13.375	7.236038157554248e-11
13.40625	5.263361274598921e-11
13.4375	3.379541438364164e-11
13.46875	1.9637754963830467e-11
13.5	1.1592560245077266e-11
13.53125	8.593853059735146e-12
13.5625	8.994165655307196e-12
13.59375	1.1825661977438173e-11
13.625	1.6597509824856083e-11
13.65625	2.2728683518602466e-11
13.6875	2.947761826299633e-11
13.71875	3.622375663314692e-11
13.75	4.262701649992984e-11
13.78125	4.856273716491444e-11
13.8125	5.395831698118414e-11
13.84375	5.866485769390195e-11
13.875	6.25447818536351e-11
13.90625	6.567585364436468e-11
13.9375	6.829477261494077e-11
13.96875	7.052596701084823e-11
14.0	7.22764209593052e-11
14.03125	7.332818380278994e-11
14.0625	7.344601316017219e-11
14.09375	7.247468597482154e-11
14.125	7.047646494173776e-11
14.15625	6.784608985732632e-11
14.1875	6.516680944868014e-11
14.21875	6.272367347737173e-11
14.25	6.012621650564043e-11
14.28125	5.654680196309769e-11
14.3125	5.125536453598478e-11
14.34375	4.3828916190813416e-11
14.375	3.4315050800870495e-11
14.40625	2.3759395492706226e-11
14.4375	1.4216800479915914e-11
14.46875	7.493537040881293e-12
14.5	3.927407010717587e-12
14.53125	2.700530120705591e-12
14.5625	2.979963715024625e-12
14.59375	4.4543366391203154e-12
14.625	7.1170456680813565e-12
14.65625	1.0894314096676627e-11
14.6875	1.5468617706182464e-11
14.71875	2.0374906622988576e-11
14.75	2.523480382987664e-11
14.78125	2.984995930987999e-11
14.8125	3.411824989196788e-11
14.84375	3.794690950353896e-11
14.875	4.1264283656694545e-11
14.90625	4.411039936091932e-11
14.9375	4.663749247901805e-11
14.96875	4.8954566095327223e-11
15.0	5.100634498100831e-11
15.03125	5.2595667404675694e-11
15.0625	5.348882448075187e-11
15.09375	5.350076978660745e-11
15.125	5.2541911793602125e-11
15.15625	5.077899559169374e-11
15.1875	4.8750906089800594e-11
15.21875	4.6974646394915e-11
15.25	4.5342399973558045e-11
15.28125	4.3198198490523865e-11
15.3125	3.997916928066836e-11
15.34375	3.5452561025772766e-11
15.375	2.9524369060673905e-11
15.40625	2.2418575676419472e-11
15.4375	1.511833193357237e-11
15.46875	9.114113110053612e-12
15.5	5.461573467785419e-12
15.53125	4.33287954126893e-12
15.5625	5.497661353937033e-12
15.59375	8.839457811549156e-12
15.625	1.4263937253566894e-11
15.65625	2.138644643323584e-11
15.6875	2.953925645754474e-11
15.71875	3.8056540557773744e-11
15.75	4.647829690562766e-11
15.78125	5.4530206738956366e-11
15.8125	6.20469925438627e-11
15.84375	6.893158960297185e-11
15.875	7.509173144404357e-11
15.90625	8.046504434977564e-11
15.9375	8.5105977820632e-11
15.96875	8.906618498283336e-11
16.0	9.222497071581515e-11
16.03125	9.435561360016109e-11
16.0625	9.525075866934074e-11
16.09375	9.475815271331456e-11
16.125	9.287247360045825e-11
16.15625	8.990325844893121e-11
16.1875	8.645811844232298e-11
16.21875	8.303328163927759e-11
16.25	7.951107133807866e-11
16.28125	7.515431332816291e-11
16.3125	6.908253830095745e-11
16.34375	6.066185748165864e-11
16.375	4.973860559531751e-11
16.40625	3.7040915473740554e-11
16.4375	2.440855850771584e-11
16.46875	1.4117968946680826e-11
16.5	7.587970182743042e-12
16.53125	4.810150108086608e-12
16.5625	5.023335913900695e-12
16.59375	7.572712422410088e-12
16.625	1.203259106935528e-11
16.65625	1.7895315437832515e-11
16.6875	2.4493277198112118e-11
16.71875	3.1259859284427094e-11
16.75	3.790406877257624e-11
16.78125	4.4285800721022284e-11
16.8125	5.025731913965714e-11
16.84375	5.565273242247315e-11
16.875	6.036136868114994e-11
16.90625	6.440555727627029e-11
16.9375	6.79112252544023e-11
16.96875	7.091049275542716e-11
17.0	7.318182865256873e-11
17.03125	7.437971766277585e-11
17.0625	7.43100303512989e-11
17.09375	7.303769394839676e-11
17.125	7.085756981162206e-11
17.15625	6.826129939074832e-11
17.1875	6.57325444075596e-11
17.21875	6.334841679001002e-11
17.25	6.06282177240125e-11
17.28125	5.6848217105942567e-11
17.3125	5.14131862083822e-11
17.34375	4.3972849667062164e-11
17.375	3.4634770745833876e-11
17.40625	2.4448198673865384e-11
17.4375	1.5370975325890157e-11
17.46875	9.263791990454795e-12
17.5	7.057639628965662e-12
17.53125	9.203455705875108e-12
17.5625	1.6548647868708244e-11
17.59375	3.0182186611105166e-11
17.625	5.0422787473136665e-11
17.65625	7.622962677755751e-11
17.6875	1.0555591123395658e-10
17.71875	1.3621076488945505e-10
17.75	1.666538712585819e-10
17.78125	1.96162627807972e-10
17.8125	2.2425092338629327e-10
17.84375	2.5009416759758096e-10
17.875	2.7269514424332897e-10
17.90625	2.9162913750546693e-10
17.9375	3.0741009737766944e-10
17.96875	3.207013266059988e-10
18.0	3.31185245894261e-10
18.03125	3.376067203575417e-10
18.0625	3.3877267657800303e-10
18.09375	3.342581211818185e-10
18.125	3.2477673328479284e-10
18.15625	3.1242222697791533e-10
18.1875	2.9975666393511347e-10
18.21875	2.875310267658193e-10
18.25	2.735648929608203e-10
18.28125	2.5464438890843155e-10
18.3125	2.2878283989502535e-10
18.34375	1.9503021420064215e-10
18.375	1.5332582425919838e-10
18.40625	1.0701743657914875e-10
18.4375	6.403536728649684e-11
18.46875	3.236551651686348e-11
18.5	1.430100742688678e-11
18.53125	6.4303475738602955e-12
18.5625	3.973855966510342e-12
18.59375	3.766873531846349e-12
18.625	4.396501392112118e-12
18.65625	5.3567324187486776e-12
18.6875	6.491428488492046e-12
18.71875	7.770989580990761e-12
18.75	9.165850370362882e-12
18.78125	1.0588581227100047e-11
18.8125	1.1943075001186187e-11
18.84375	1.3203689877561153e-11
18.875	1.4434787566630636e-11
18.90625	1.571556079715819e-11
18.9375	1.702411649151525e-11
18.96875	1.8234054890986506e-11
19.0	1.9247003296696263e-11
19.03125	2.0104647113772245e-11
19.0625	2.095674848934248e-11
19.09375	2.1945013514712564e-11
19.125	2.31713450510318e-11
19.15625	2.4743415649730593e-11
19.1875	2.6751012863202028e-11
19.21875	2.920338623702001e-11
19.25	3.2092339202760556e-11
19.28125	3.553351710094965e-11
19.3125	3.979305426837776e-11
19.34375	4.5262005948787376e-11
19.375	5.264497171530991e-11
19.40625	6.378282624286413e-11
19.4375	8.461702172279928e-11
19.46875	1.334653082496473e-10
19.5	2.5439186868148056e-10
19.53125	5.223814159016626e-10
19.5625	1.0219060042615524e-09
19.59375	1.8064038043164032e-09
19.625	2.8715478883611922e-09
19.65625	4.159492306143875e-09
19.6875	5.5912865448704e-09
19.71875	7.1159607095694355e-09
19.75	8.731200651368454e-09
19.78125	1.042431296838231e-08
19.8125	1.208841826638718e-08
19.84375	1.3557283295995148e-08
19.875	1.4739986120559934e-08
19.90625	1.566566076860454e-08
19.9375	1.6403882696636174e-08
19.96875	1.6988758844149743e-08
20.0	1.7402614460593213e-08
20.03125	1.7595805701375866e-08
20.0625	1.751846134823154e-08
20.09375	1.7156638776327782e-08
20.125	1.6576679584545673e-08
20.15625	1.592857756804733e-08
20.1875	1.5331350411429412e-08
20.21875	1.4731280195690033e-08
20.25	1.3937026643873196e-08
20.28125	1.278681871497156e-08
20.3125	1.120019543776607e-08
20.34375	9.127758993088264e-09
20.375	6.6457905845140886e-09
20.40625	4.1279442086761264e-09
20.4375	2.107469976309062e-09
20.46875	8.690388964005535e-10
20.5	2.932011300416093e-10
20.53125	8.640854698427347e-11
20.5625	2.5867284009217784e-11
20.59375	9.560538125064078e-12
20.625	4.638345697111079e-12
20.65625	2.720985329413006e-12
20.6875	1.7943008190357546e-12
20.71875	1.289629427553285e-12
20.75	1.0038751514090949e-12
20.78125	8.407321605390095e-13
20.8125	7.366702191834162e-13
20.84375	6.616593124092462e-13
20.875	6.1595200511258e-13
20.90625	5.939160296376811e-13
20.9375	5.70925088889257e-13
20.96875	5.356296461055121e-13
21.0	5.062607234471161e-13
21.03125	4.977407917251819e-13
21.0625	4.96990090140953e-13
21.09375	4.853053180674249e-13
21.125	4.629603991834763e-13
21.15625	4.4280993260169266e-13
21.1875	4.3668318744014e-13
21.21875	4.4729427410225564e-13
21.25	4.623368745140799e-13
21.28125	4.664581980222404e-13
21.3125	4.624050166206206e-13
21.34375	4.638183283625641e-13
21.375	4.722287556650773e-13
21.40625	4.783318381142154e-13
21.4375	4.776118736615764e-13
21.46875	4.722453981684249e-13
21.5	4.651898983208669e-13
21.53125	4.597950709409049e-13
21.5625	4.588774564322218e-13
21.59375	4.618255105594271e-13
21.625	4.674251979398802e-13
21.65625	4.756346141596146e-13
21.6875	4.820571567788756e-13
21.71875	4.790379247790466e-13
21.75	4.68179965282256e-13
21.78125	4.610011374375778e-13
21.8125	4.634013984171348e-13
21.84375	4.709423497874232e-13
21.875	4.763411887154234e-13
21.90625	4.73005749151989e-13
21.9375	4.616501408580276e-13
21.96875	4.57221933924945e-13
22.0	4.727169719033475e-13
22.03125	4.967138354274037e-13
22.0625	5.087316744083192e-13
22.09375	5.091914845496703e-13
22.125	5.098383195657752e-13
22.15625	5.091880151027184e-13
22.1875	4.991359430807363e-13
22.21875	4.8163811263921e-13
22.25	4.658304991744799e-13
22.28125	4.587180245027578e-13
22.3125	4.614742290555418e-13
22.34375	4.687369199382618e-13
22.375	4.748978445733021e-13
22.40625	4.805310880109936e-13
22.4375	4.841733567892414e-13
22.46875	4.767480897907572e-13
22.5	4.57881887787337e-13
22.53125	4.4402269404678063e-13
22.5625	4.482687550148856e-13
22.59375	4.642873542223813e-13
22.625	4.734206191132906e-13
22.65625	4.611737966335461e-13
22.6875	4.308756856082757e-13
22.71875	4.0386072849667165e-13
22.75	3.9918917238597473e-13
22.78125	4.1271941918739896e-13
22.8125	4.2555753842696276e-13
22.84375	4.317959835173357e-13
22.875	4.4414976254139593e-13
22.90625	4.691476157211993e-13
22.9375	4.91735070631133e-13
22.96875	4.962917555216551e-13
23.0	4.881170879815488e-13
23.03125	4.828214108902606e-13
23.0625	4.896724844181966e-13
23.09375	5.069381871745937e-13
23.125	5.248717584692419e-13
23.15625	5.383196059055573e-13
23.1875	5.55834837791952e-13
23.21875	5.887180391621338e-13
23.25	6.346947164885541e-13
23.28125	6.847684311944713e-13
23.3125	7.41445099761151e-13
23.34375	8.150977722637398e-13
23.375	9.068638309912835e-13
23.40625	1.0080147437238618e-12
23.4375	1.1268196662209129e-12
23.46875	1.3369471545468525e-12
23.5	1.8539716203219703e-12
23.53125	3.1222277367681794e-12
23.5625	5.782959180966607e-12
23.59375	1.042703770548492e-11
23.625	1.7283757758335128e-11
23.65625	2.607323905390313e-11
23.6875	3.61069507626155e-11
23.71875	4.6623274685408944e-11
23.75	5.712307710181719e-11
23.78125	6.737620877883543e-11
23.8125	7.720200173588765e-11
23.84375	8.636073800527555e-11
23.875	9.460662114824103e-11
23.90625	1.0176193221411722e-10
23.9375	1.077442232655379e-10
23.96875	1.125503718002463e-10
24.0	1.1614863237863204e-10
24.03125	1.1832054780391843e-10
24.0625	1.1869979998913038e-10
24.09375	1.170990110432868e-10
24.125	1.1387758791503444e-10
24.15625	1.0996665383844473e-10
24.1875	1.0624520707658291e-10
24.21875	1.0268078054487262e-10
24.25	9.831213620969947e-11
24.28125	9.205992218541681e-11
24.3125	8.317992128414886e-11
24.34375	7.115809330660028e-11
24.375	5.604832917227576e-11
24.40625	3.942357898467641e-11
24.4375	2.442780179523485e-11
24.46875	1.4016879670841753e-11
24.5	9.306068936287826e-12
24.53125	1.0140782311096608e-11
24.5625	1.6730391377839382e-11
24.59375	2.993061354317206e-11
24.625	5.012531709147616e-11
24.65625	7.643630173248539e-11
24.6875	1.0702244646054737e-10
24.71875	1.3988028790823392e-10
24.75	1.7348517067361513e-10
24.78125	2.0690647806187457e-10
24.8125	2.394428821883565e-10
24.84375	2.702106871588228e-10
24.875	2.980477809000348e-10
24.90625	3.21969617633755e-10
24.9375	3.4188143982483155e-10
24.96875	3.584358365671392e-10
25.0	3.7189545887272857e-10
25.03125	3.814893678733e-10
25.0625	3.8586120409966895e-10
25.09375	3.838866169392219e-10
25.125	3.756789324071974e-10
25.15625	3.6348787868512034e-10
25.1875	3.508331680723842e-10
25.21875	3.394195480233009e-10
25.25	3.271189152886933e-10
25.28125	3.0980565335347876e-10
25.3125	2.84358703250831e-10
25.34375	2.490929962295496e-10
25.375	2.0333928985039051e-10
25.40625	1.4978675244581297e-10
25.4375	9.709145293301802e-11
25.46875	5.658612814429809e-11
25.5	3.5244033386172546e-11
25.53125	3.443512835987761e-11
25.5625	5.5314981761700466e-11
25.59375	1.0172593323254375e-10
25.625	1.7702617149950584e-10
25.65625	2.804958765256771e-10
25.6875	4.072750192651853e-10
25.71875	5.503898448111499e-10
25.75	7.026431103618336e-10
25.78125	8.564635667340781e-10
25.8125	1.0034080233367604e-09
25.84375	1.1375437258820398e-09
25.875	1.2583140085453692e-09
25.90625	1.367028601428899e-09
25.9375	1.4631849065693814e-09
25.96875	1.5453551771571483e-09
26.0	1.6119887646937059e-09
26.03125	1.6603217689592498e-09
26.0625	1.6864967200547198e-09
26.09375	1.6874168728975292e-09
26.125	1.6629717602967276e-09
26.15625	1.6188804741190665e-09
26.1875	1.5670374997611702e-09
26.21875	1.5170946721099199e-09
26.25	1.465109478182569e-09
26.28125	1.3952259347860263e-09
26.3125	1.292511764283688e-09
26.34375	1.1481340322916367e-09
26.375	9.562629577075654e-10
26.40625	7.213104558090322e-10
26.4375	4.732262359752326e-10
26.46875	2.611945937314175e-10
26.5	1.201954924479054e-10
26.53125	4.907303383094863e-11
26.5625	2.3736781637473392e-11
26.59375	2.1455252505186984e-11
26.625	3.012535013113826e-11
26.65625	4.48768557037571e-11
26.6875	6.344967606874974e-11
26.71875	8.424826808406394e-11
26.75	1.0612687811883958e-10
26.78125	1.2846483599115999e-10
26.8125	1.5082156357149046e-10
26.84375	1.725369430660706e-10
26.875	1.927779186283729e-10
26.90625	2.108620500429481e-10
26.9375	2.2644712494024333e-10
26.96875	2.3946722382817143e-10
27.0	2.4993859759625536e-10
27.03125	2.576968916034872e-10
27.0625	2.6224403204544444e-10
27.09375	2.6303717537423665e-10
27.125	2.6004440267790585e-10
27.15625	2.54199827853796e-10
27.1875	2.4732690895312714e-10
27.21875	2.40753972313712e-10
27.25	2.3363283530031254e-10
27.28125	2.2341456462626752e-10
27.3125	2.0794398147838677e-10
27.34375	1.8618570574169269e-10
27.375	1.5771955963472806e-10
27.40625	1.2409369365418144e-10
27.4375	9.150928625967225e-11
27.46875	7.064137469425802e-11
27.5	7.436699173135608e-11
27.53125	1.1821799095201868e-10
27.5625	2.2059237769767037e-10
27.59375	3.962739580920527e-10
27.625	6.482646086602983e-10
27.65625	9.666250022632994e-10
27.6875	1.3332586146219683e-09
27.71875	1.728388543398296e-09
27.75	2.135699173066996e-09
27.78125	2.5430122452263504e-09
27.8125	2.939486654085499e-09
27.84375	3.3134635035736437e-09
27.875	3.653149338589401e-09
27.90625	3.949536253600172e-09
27.9375	4.198787095788248e-09
27.96875	4.400804165527461e-09
28.0	4.55419923994782e-09
28.03125	4.653092133821701e-09
28.0625	4.689147736769428e-09
28.09375	4.6569508249660885e-09
28.125	4.563368349863595e-09
28.15625	4.435404044045299e-09
28.1875	4.306102585616145e-09
28.21875	4.179477208765547e-09
28.25	4.018308352726763e-09
28.28125	3.774906609521622e-09
28.3125	3.4188254449674105e-09
28.34375	2.9316611360741263e-09
28.375	2.31056929145268e-09
28.40625	1.6085094367568331e-09
28.4375	9.505471965098877e-10
28.46875	4.639717776644403e-10
28.5	1.8681534097453323e-10
28.53125	6.533335678016172e-11
28.5625	2.364917983666004e-11
28.59375	1.2626994068398734e-11
28.625	1.1653008419321154e-11
28.65625	1.4202295589571534e-11
28.6875	1.8329709278175343e-11
28.71875	2.324112256812949e-11
28.75	2.8453756711899203e-11
28.78125	3.3654627695778316e-11
28.8125	3.864833453270933e-11
28.84375	4.3333149568614004e-11
28.875	4.771643496992439e-11
28.90625	5.182342402432205e-11
28.9375	5.5511695934429284e-11
28.96875	5.847237277700756e-11
29.0	6.048865575092321e-11
29.03125	6.161408883098574e-11
29.0625	6.202558605616915e-11
29.09375	6.178997591366198e-11
29.125	6.087919057762292e-11
29.15625	5.940716668595414e-11
29.1875	5.771835440149253e-11
29.21875	5.6034774043034474e-11
29.25	5.407364486731403e-11
29.28125	5.123857935163123e-11
29.3125	4.7030331018493854e-11
29.34375	4.110623647024525e-11
29.375	3.3334428967135565e-11
29.40625	2.4243572427362636e-11
29.4375	1.530976387331684e-11
29.46875	8.278695437513583e-12
29.5	3.973149066693882e-12
29.53125	1.9688009902929515e-12
29.5625	1.3356120679916539e-12
29.59375	1.3591595297152148e-12
29.625	1.6885297413754552e-12
29.65625	2.195395341214601e-12
29.6875	2.830775544526709e-12
29.71875	3.5505966656385057e-12
29.75	4.300663991596565e-12
29.78125	5.030130392075227e-12
29.8125	5.713831751491538e-12
29.84375	6.351688272565603e-12
29.875	6.943344336984847e-12
29.90625	7.487683216511609e-12
29.9375	8.005692463119995e-12
29.96875	8.526210987236382e-12
30.0	9.024637807886204e-12
30.03125	9.40345371014395e-12
30.0625	9.573128748052717e-12
30.09375	9.539757005183613e-12
30.125	9.391786827406268e-12
30.15625	9.22290542548776e-12
30.1875	9.07521714027526e-12
30.21875	8.912252012771571e-12
30.25	8.626268969968987e-12
30.28125	8.118246526411799e-12
30.3125	7.381486047397523e-12
30.34375	6.4593694976133875e-12
30.375	5.357531692590234e-12
30.40625	4.090636683551363e-12
30.4375	2.8033018614759264e-12
30.46875	1.7401170565242707e-12
30.5	1.0542152003786831e-12
30.53125	7.07975561856089e-13
30.5625	5.698689675530388e-13
30.59375	5.346004129831716e-13
30.625	5.471830128757349e-13
30.65625	5.802812657468293e-13
30.6875	6.246728394970757e-13
30.71875	6.864946978935027e-13
30.75	7.724980052338515e-13
30.78125	8.778454851053608e-13
30.8125	9.90499240786924e-13
30.84375	1.0978481578688415e-12
30.875	1.1879185786087265e-12
30.90625	1.2589993067177452e-12
30.9375	1.3237601119431286e-12
30.96875	1.388739492326485e-12
31.0	1.4445600748577703e-12
31.03125	1.4838832202920815e-12
31.0625	1.5101814113474554e-12
31.09375	1.523754321504367e-12
31.125	1.5131613410185318e-12
31.15625	1.472024650610304e-12
31.1875	1.4121843885245289e-12
31.21875	1.347369698451173e-12
31.25	1.2860631613473283e-12
31.28125	1.2427081932941952e-12
31.3125	1.2203433793003815e-12
31.34375	1.1888293084336143e-12
31.375	1.1132284330472864e-12
31.40625	9.912811673937205e-13
31.4375	8.467997895771073e-13
31.46875	7.067341503685931e-13
31.5	5.941116197095975e-13
31.53125	5.275552130562522e-13
31.5625	5.157664117842742e-13
31.59375	5.54788799535938e-13
31.625	6.328846409615896e-13
31.65625	7.330250230593027e-13
31.6875	8.387159781790554e-13
31.71875	9.483764685028206e-13
31.75	1.0689388827214708e-12
31.78125	1.1918941311347964e-12
31.8125	1.301695513530876e-12
31.84375	1.4036754614546454e-12
31.875	1.5141599996396082e-12
31.90625	1.6265556609940113e-12
31.9375	1.710364163666489e-12
31.96875	1.7466283410913497e-12
32.0	1.7516101416537033e-12
32.03125	1.7600843742540673e-12
32.0625	1.7907894134597258e-12
32.09375	1.832745543869918e-12
32.125	1.858278721872386e-12
32.15625	1.8476895360941548e-12
32.1875	1.80769310111073e-12
32.21875	1.7571160455462365e-12
32.25	1.6989487074126064e-12
32.28125	1.6234788036487147e-12
32.3125	1.5220072381236238e-12
32.34375	1.381389794219423e-12
32.375	1.1881846418218545e-12
32.40625	9.534766639424097e-13
32.4375	7.209931436602535e-13
32.46875	5.42845174193729e-13
32.5	4.450244426440486e-13
32.53125	4.138228659484461e-13
32.5625	4.1668255759859385e-13
32.59375	4.298953500039143e-13
32.625	4.423347809996009e-13
32.65625	4.469710192245291e-13
32.6875	4.4280318344316894e-13
32.71875	4.395871416439795e-13
32.75	4.456097762919192e-13
32.78125	4.5308036294121334e-13
32.8125	4.478160463977643e-13
32.84375	4.2722726398269906e-13
32.875	4.0093286763492886e-13
32.90625	3.8143121473821484e-13
32.9375	3.7670748139796706e-13
32.96875	3.823345990933841e-13
33.0	3.8244437456334823e-13
33.03125	3.708339787588527e-13
33.0625	3.652000034846947e-13
33.09375	3.837904386655433e-13
33.125	4.15288924126081e-13
33.15625	4.363966328059521e-13
33.1875	4.483367887012091e-13
33.21875	4.642129237432402e-13
33.25	4.779003798596748e-13
33.28125	4.785720431055296e-13
33.3125	4.752453855796923e-13
33.34375	4.778870983830619e-13
33.375	4.751001024885793e-13
33.40625	4.5405674120764516e-13
33.4375	4.2200390317631564e-13
33.46875	3.939963318707468e-13
33.5	3.796508192457221e-13
33.53125	3.824877968603563e-13
33.5625	3.946761537379495e-13
33.59375	3.995262779464548e-13
33.625	3.919816673938342e-13
33.65625	3.881379538519386e-13
33.6875	4.0278861517840936e-13
33.71875	4.26410642906383e-13
33.75	4.3889940510091763e-13
33.78125	4.3499942146627e-13
33.8125	4.2427522541250984e-13
33.84375	4.1768273410271173e-13
33.875	4.1827256718959815e-13
33.90625	4.1855061083673206e-13
33.9375	4.0971425471075795e-13
33.96875	3.969338150267704e-13
34.0	3.968293792525057e-13
34.03125	4.150850941176537e-13
34.0625	4.390016182607287e-13
34.09375	4.5410208796350937e-13
34.125	4.555724829498342e-13
34.15625	4.459203188991734e-13
34.1875	4.3276460973823427e-13
34.21875	4.2843894122561454e-13
34.25	4.4316793615904737e-13
34.28125	4.720388576545664e-13
34.3125	4.938045415278647e-13
34.34375	4.959515328799291e-13
34.375	4.920978988881552e-13
34.40625	4.994251540102468e-13
34.4375	5.140054506157232e-13
34.46875	5.202882937850595e-13
34.5	5.113641714932227e-13
34.53125	4.934748356472118e-13
34.5625	4.800663447497577e-13
34.59375	4.818000382336707e-13
34.625	4.940663763525199e-13
34.65625	4.996857420024037e-13
34.6875	4.91749924200896e-13
34.71875	4.825294894553189e-13
34.75	4.833796123787648e-13
34.78125	4.924522703682321e-13
34.8125	5.084066305970081e-13
34.84375	5.362569112724036e-13
34.875	5.701592626847218e-13
34.90625	5.903455892533604e-13
34.9375	5.917016551205967e-13
34.96875	5.960177013389356e-13
35.0	6.224672470175885e-13
35.03125	6.647199067219556e-13
35.0625	7.041307099019123e-13
35.09375	7.308215989841604e-13
35.125	7.490924113645603e-13
35.15625	7.7240270386289e-13
35.1875	8.168146064038706e-13
35.21875	8.926790513383298e-13
35.25	1.0001689147026704e-12
35.28125	1.1327756224352448e-12
35.3125	1.2814367622571154e-12
35.34375	1.4442813264792242e-12
35.375	1.6439125451531145e-12
35.40625	1.936525592660665e-12
35.4375	2.4353761195194945e-12
35.46875	3.4343875399828194e-12
35.5	5.645638904289152e-12
35.53125	1.0274558114031773e-11
35.5625	1.8551054789539556e-11
35.59375	3.100362674923751e-11
35.625	4.7323995416848064e-11
35.65625	6.680080794074783e-11
35.6875	8.863623723875946e-11
35.71875	1.1214790901492577e-10
35.75	1.3688616906648576e-10
35.78125	1.623391560068299e-10
35.8125	1.8756043940193479e-10
35.84375	2.1134582972592852e-10
35.875	2.327936593493618e-10
35.90625	2.515684327519807e-10
35.9375	2.676165955506349e-10
35.96875	2.807668819659881e-10
36.0	2.9068666917986263e-10
36.03125	2.9700805703747335e-10
36.0625	2.993131298367757e-10
36.09375	2.973336854505959e-10
36.125	2.916582253487121e-10
36.15625	2.840646051716078e-10
36.1875	2.7619756481911395e-10
36.21875	2.6751001414027087e-10
36.25	2.5525123681369166e-10
36.28125	2.36639569051178e-10
36.3125	2.1014701090393828e-10
36.34375	1.750816852608139e-10
36.375	1.3239105645102e-10
36.40625	8.72207236990441e-11
36.4375	4.831851585507252e-11
36.46875	2.2206861349793883e-11
36.5	8.772824480751673e-12
36.53125	3.419206758004112e-12
36.5625	1.6901697055815568e-12
36.59375	1.21070070201873e-12
36.625	1.1240290382491525e-12
36.65625	1.1783632880221773e-12
36.6875	1.2944307084539197e-12
36.71875	1.4528282006251447e-12
36.75	1.6572078995538697e-12
36.78125	1.8993407107509297e-12
36.8125	2.150362787139981e-12
36.84375	2.3837908643548067e-12
36.875	2.590092203214045e-12
36.90625	2.764632489951624e-12
36.9375	2.8997746044645556e-12
36.96875	3.001377792133386e-12
37.0	3.0962146908841692e-12
37.03125	3.2007337318756823e-12
37.0625	3.296656133841558e-12
37.09375	3.3547739239359053e-12
37.125	3.3663078834872406e-12
37.15625	3.3453986109099887e-12
37.1875	3.317724784138165e-12
37.21875	3.301329262045405e-12
37.25	3.2818582920701722e-12
37.28125	3.2208020972479545e-12
37.3125	3.0970265414709264e-12
37.34375	2.9225539089489105e-12
37.375	2.7180454068020943e-12
37.40625	2.4971897379794106e-12
37.4375	2.296975977478244e-12
37.46875	2.226748733319406e-12
37.5	2.487918291521618e-12
37.53125	3.32572966561806e-12
37.5625	4.909788721418895e-12
37.59375	7.2598168796012e-12
37.625	1.0291380594940058e-11
37.65625	1.3865532853818419e-11
37.6875	1.7809562852244554e-11
37.71875	2.1987028517300722e-11
37.75	2.633999789114494e-11
37.78125	3.083793290170611e-11
37.8125	3.5424021355145996e-11
37.84375	3.9969270948514435e-11
37.875	4.4232971452284886e-11
37.90625	4.7940505731869365e-11
37.9375	5.0951815683264456e-11
37.96875	5.3323012672024106e-11
38.0	5.5178254326770926e-11
38.03125	5.653221987755863e-11
38.0625	5.723562596093856e-11
38.09375	5.7113126727958985e-11
38.125	5.6224032374263544e-11
38.15625	5.496245819580636e-11
38.1875	5.37299545133596e-11
38.21875	5.2481564233319844e-11
38.25	5.0753335562037094e-11
38.28125	4.806438233528887e-11
38.3125	4.408902756769528e-11
38.34375	3.860942815459012e-11
38.375	3.17863374510452e-11
38.40625	2.464532397605801e-11
38.4375	1.8799763829013827e-11
38.46875	1.5287585433676476e-11
38.5	1.392843739650429e-11
38.53125	1.3905290981164331e-11
38.5625	1.458801829334888e-11
38.59375	1.5743066572593278e-11
38.625	1.7320599815517923e-11
38.65625	1.9247674634681466e-11
38.6875	2.1378872630539725e-11
38.71875	2.3585786101953943e-11
38.75	2.5885099619316065e-11
38.78125	2.8475827598684056e-11
38.8125	3.160038897220829e-11
38.84375	3.529529099544071e-11
38.875	3.931825004466205e-11
38.90625	4.343754869684524e-11
38.9375	4.774067599577769e-11
38.96875	5.2532839189822766e-11
39.0	5.801009325678841e-11
39.03125	6.41972724979567e-11
39.0625	7.119563966151432e-11
39.09375	7.927776490834759e-11
39.125	8.866696266096596e-11
39.15625	9.951512530692597e-11
39.1875	1.1224569884671354e-10
39.21875	1.2763368140156217e-10
39.25	1.4649864654714406e-10
39.28125	1.6976667294166248e-10
39.3125	1.990655140726716e-10
39.34375	2.371375040777224e-10
39.375	2.8823679554257353e-10
39.40625	3.6059744079608436e-10
39.4375	4.76279404804103e-10
39.46875	6.990502621206929e-10
39.5	1.181922892889986e-09
39.53125	2.1864721144737587e-09
39.5625	3.99779098714248e-09
39.59375	6.780585870558298e-09
39.625	1.053828579955507e-08
39.65625	1.517049952326488e-08
39.6875	2.0496280228599062e-08
39.71875	2.6281679055273344e-08
39.75	3.2322063248102495e-08
39.78125	3.847741680829131e-08
39.8125	4.4629622664160706e-08
39.84375	5.063812125172262e-08
39.875	5.6326872055478816e-08
39.90625	6.150515474701024e-08
39.9375	6.601923274729415e-08
39.96875	6.978287103720504e-08
40.0	7.27417557300214e-08
40.03125	7.4827212870332e-08
40.0625	7.596113960062212e-08
40.09375	7.608570484762822e-08
40.125	7.522609735133301e-08
40.15625	7.359663101169645e-08
40.1875	7.152038961066864e-08
40.21875	6.90266190872535e-08
40.25	6.563125509728707e-08
40.28125	6.071337566027069e-08
40.3125	5.391317969838383e-08
40.34375	4.5065252862741545e-08
40.375	3.431475903425962e-08
40.40625	2.2791986964421085e-08
40.4375	1.2662465742607765e-08
40.46875	5.7285145516061675e-09
40.5	2.1189552334988093e-09
40.53125	6.827309828594252e-10
40.5625	2.262286469267849e-10
40.59375	9.826284924630002e-11
40.625	6.30562477232921e-11
40.65625	5.5128245718405466e-11
40.6875	5.754361570575739e-11
40.71875	6.513776323879839e-11
40.75	7.575583216290482e-11
40.78125	8.801676054659424e-11
40.8125	1.0063141292482314e-10
40.84375	1.126016918595596e-10
40.875	1.2352119327374567e-10
40.90625	1.332527144182194e-10
40.9375	1.4153742067257724e-10
40.96875	1.4804740766649616e-10
41.0	1.5255106899925153e-10
41.03125	1.5491639915321542e-10
41.0625	1.5509177275774277e-10
41.09375	1.5321836854820248e-10
41.125	1.4978229767592666e-10
41.15625	1.4554103755504144e-10
41.1875	1.4094557465593738e-10
41.21875	1.3548571986543578e-10
41.25	1.2799071524849381e-10
41.28125	1.1764338114783612e-10
41.3125	1.0421219442946494e-10
41.34375	8.744437118846093e-11
41.375	6.736642493843092e-11
41.40625	4.579051027242542e-11
41.4375	2.6543186051886103e-11
41.46875	1.2982682637274756e-11
41.5	5.562461515701278e-12
41.53125	2.3594815337646402e-12
41.5625	1.2106960399493882e-12
41.59375	8.340271290437073e-13
41.625	6.996501360038987e-13
41.65625	6.328516270054374e-13
41.6875	5.902828681576822e-13
41.71875	5.689496183208798e-13
41.75	5.698492892836082e-13
41.78125	5.876959075640231e-13
41.8125	6.110143315786465e-13
41.84375	6.293989309770487e-13
41.875	6.448253931680414e-13
41.90625	6.673445975512171e-13
41.9375	6.980861743700884e-13
41.96875	7.301977490541123e-13
42.0	7.602955266229616e-13
42.03125	7.823957952866889e-13
42.0625	7.838969816147123e-13
42.09375	7.634510970459807e-13
42.125	7.377632576036075e-13
42.15625	7.211365836076733e-13
42.1875	7.145623611044816e-13
42.21875	7.153907999844777e-13
42.25	7.186720836493965e-13
42.28125	7.11042119280747e-13
42.3125	6.808237242202086e-13
42.34375	6.329625950977913e-13
42.375	5.808241257745927e-13
42.40625	5.30356032528434e-13
42.4375	4.860799805196658e-13
42.46875	4.591187456257084e-13
42.5	4.527316564174877e-13
42.53125	4.5183447911975594e-13
42.5625	4.421099445740817e-13
42.59375	4.2818418082013476e-13
42.625	4.228074867215076e-13
42.65625	4.3165376329735994e-13
42.6875	4.5277179900292397e-13
42.71875	4.788790891607775e-13
42.75	4.993217211229917e-13
42.78125	5.101222179046405e-13
42.8125	5.217450820341196e-13
42.84375	5.473977933261043e-13
42.875	5.883117343979949e-13
42.90625	6.354462854345211e-13
42.9375	6.780119543060847e-13
42.96875	7.094750676707451e-13
43.0	7.301783418352248e-13
43.03125	7.456039908745882e-13
43.0625	7.568902102295105e-13
43.09375	7.543180489955059e-13
43.125	7.309934450284994e-13
43.15625	6.983761442411196e-13
43.1875	6.769388109957586e-13
43.21875	6.752107011530339e-13
43.25	6.839334328913316e-13
43.28125	6.859851770825431e-13
43.3125	6.690560648905941e-13
43.34375	6.359433921306057e-13
43.375	6.03326362393769e-13
43.40625	5.808108985080884e-13
43.4375	5.573501187482177e-13
43.46875	5.245082254808076e-13
43.5	5.006958931665084e-13
43.53125	5.156358738427069e-13
43.5625	5.865210118798092e-13
43.59375	7.201160783128213e-13
43.625	9.189291038172454e-13
43.65625	1.1715933128167433e-12
43.6875	1.4567808764853751e-12
43.71875	1.774077412752817e-12
43.75	2.150696938249541e-12
43.78125	2.6003700061283386e-12
43.8125	3.089763037436577e-12
43.84375	3.5555484338006815e-12
43.875	3.953011962903874e-12
43.90625	4.2852136769577776e-12
43.9375	4.5785675598097875e-12
43.96875	4.8432685813282195e-12
44.0	5.0746052325523205e-12
44.03125	5.265733162007624e-12
44.0625	5.399557970880986e-12
44.09375	5.4553128507606186e-12
44.125	5.432777925445942e-12
44.15625	5.358878271688461e-12
44.1875	5.265999875742056e-12
44.21875	5.159241089902622e-12
44.25	5.011544998434481e-12
44.28125	4.785437237447843e-12
44.3125	4.4420647715703865e-12
44.34375	3.9459481689096965e-12
44.375	3.2905254042370213e-12
44.40625	2.5275129211799197e-12
44.4375	1.7710372014409503e-12
44.46875	1.1522624217621957e-12
44.5	7.436576311345422e-13
44.53125	5.292076455873373e-13
44.5625	4.4344326930075006e-13
44.59375	4.197286778123005e-13
44.625	4.1113052090362145e-13
44.65625	3.9683211686299125e-13
44.6875	3.7980821829611267e-13
44.71875	3.722256335624008e-13
44.75	3.802701155266458e-13
44.78125	3.9907663220047074e-13
44.8125	4.1917256341297837e-13
44.84375	4.4023953319621834e-13
44.875	4.734637703597555e-13
44.90625	5.208661735429942e-13
44.9375	5.628481079648917e-13
44.96875	5.835658562283741e-13
45.0	5.925905924818176e-13
45.03125	6.046887166336057e-13
45.0625	6.190040342281267e-13
45.09375	6.263538407554059e-13
45.125	6.209203615679948e-13
45.15625	6.043197084242002e-13
45.1875	5.843638290273234e-13
45.21875	5.687088712284794e-13
45.25	5.58995612385399e-13
45.28125	5.528711711534628e-13
45.3125	5.492035862544875e-13
45.34375	5.440825199230781e-13
45.375	5.289040689790414e-13
45.40625	5.033793477535187e-13
45.4375	4.78250956632148e-13
45.46875	4.573691143698599e-13
45.5	4.3222454153106493e-13
45.53125	3.9865970225504144e-13
45.5625	3.654018277191029e-13
45.59375	3.4284109839272103e-13
45.625	3.3415734372252426e-13
45.65625	3.36059657749313e-13
45.6875	3.3960464648763455e-13
45.71875	3.3633602088307957e-13
45.75	3.3004941011119393e-13
45.78125	3.358016718423701e-13
45.8125	3.596731744902326e-13
45.84375	3.8594889545558175e-13
45.875	3.970242916980643e-13
45.90625	3.964649246922247e-13
45.9375	3.978402893581312e-13
45.96875	4.0378662327818227e-13
46.0	4.0815435883509443e-13
46.03125	4.083559120189595e-13
46.0625	4.0740848195053303e-13
46.09375	4.1019463758833197e-13
46.125	4.180808531404484e-13
46.15625	4.2333042453435166e-13
46.1875	4.19521269936704e-13
46.21875	4.154497655183692e-13
46.25	4.2333527633907353e-13
46.28125	4.3938735028864473e-13
46.3125	4.47117765988575e-13
46.34375	4.3925255685355047e-13
46.375	4.272940779415785e-13
46.40625	4.225654114814459e-13
46.4375	4.195661016965363e-13
46.46875	4.082799636567769e-13
46.5	3.9190628823779217e-13
46.53125	3.8142449268474543e-13
46.5625	3.797424614343514e-13
46.59375	3.820655814293361e-13
46.625	3.8559471371088505e-13
46.65625	3.876604441101217e-13
46.6875	3.823197184185667e-13
46.71875	3.682528999619794e-13
46.75	3.5128082625894563e-13
46.78125	3.3691929454682246e-13
46.8125	3.2872115402968194e-13
46.84375	3.279463560521695e-13
46.875	3.2806420882831866e-13
46.90625	3.178671247657666e-13
46.9375	2.983840117262021e-13
46.96875	2.8930704403309915e-13
47.0	3.0407168211295243e-13
47.03125	3.278963472269636e-13
47.0625	3.3867830415146294e-13
47.09375	3.353765561705385e-13
47.125	3.314816682861016e-13
47.15625	3.3474574024153214e-13
47.1875	3.4130269682512704e-13
47.21875	3.4287909967886665e-13
47.25	3.3656400149489896e-13
47.28125	3.2865125009461094e-13
47.3125	3.2801555525582837e-13
47.34375	3.351342640900423e-13
47.375	3.431833539135204e-13
47.40625	3.493363367676472e-13
47.4375	3.549085396230278e-13
47.46875	3.5808967011226323e-13
47.5	3.586987748927656e-13
47.53125	3.654118836942527e-13
47.5625	3.8760696583796383e-13
47.59375	4.2412208185564626e-13
47.625	4.68904266543585e-13
47.65625	5.238792798005487e-13
47.6875	5.941419773704271e-13
47.71875	6.741236800549e-13
47.75	7.539253509686317e-13
47.78125	8.35406071576783e-13
47.8125	9.277401980326005e-13
47.84375	1.0321764059781358e-12
47.875	1.1433572187982688e-12
47.90625	1.2590054866701283e-12
47.9375	1.3767076671375444e-12
47.96875	1.4849898654495375e-12
48.0	1.566625952229006e-12
48.03125	1.6153092318588191e-12
48.0625	1.6439751036184669e-12
48.09375	1.6685882276573638e-12
48.125	1.6893063553916066e-12
48.15625	1.6893831169054185e-12
48.1875	1.6532660657153642e-12
48.21875	1.5910176821842814e-12
48.25	1.5298125179835642e-12
48.28125	1.4772296883999725e-12
48.3125	1.411994219463475e-12
48.34375	1.3109449506845672e-12
48.375	1.1690878300163465e-12
48.40625	9.93842811866652e-13
48.4375	8.026199063010386e-13
48.46875	6.291180684042663e-13
48.5	5.087402938155905e-13
48.53125	4.564677086836555e-13
48.5625	4.727284102362672e-13
48.59375	5.613509873950151e-13
48.625	7.219392184759643e-13
48.65625	9.357859539343982e-13
48.6875	1.187447275924347e-12
48.71875	1.485945806505018e-12
48.75	1.837769736737216e-12
48.78125	2.225057161089894e-12
48.8125	2.6326412837923696e-12
48.84375	3.0671879966415183e-12
48.875	3.533126482352378e-12
48.90625	4.010160259415585e-12
48.9375	4.461632452379405e-12
48.96875	4.85181859966044e-12
49.0	5.158111784919761e-12
49.03125	5.382222445504681e-12
49.0625	5.543840126548405e-12
49.09375	5.651894750824393e-12
49.125	5.699255737484643e-12
49.15625	5.685486803574946e-12
49.1875	5.615936101571739e-12
49.21875	5.497586760827566e-12
49.25	5.348236610525081e-12
49.28125	5.1677230203384106e-12
49.3125	4.910196815116619e-12
49.34375	4.5250131766594315e-12
49.375	4.0002419779416876e-12
49.40625	3.3470060490509157e-12
49.4375	2.5964005251344346e-12
49.46875	1.8400012416486256e-12
49.5	1.2167092420384273e-12
49.53125	8.253940066149656e-13
49.5625	6.77506065572403e-13
49.59375	7.443713072145808e-13
49.625	1.0126468890855889e-12
49.65625	1.47034261935991e-12
49.6875	2.0770520720025942e-12
49.71875	2.7902495852022424e-12
49.75	3.615433690276615e-12
49.78125	4.602082603888391e-12
49.8125	5.765956722497689e-12
49.84375	7.0349268944946974e-12
49.875	8.313289293071513e-12
49.90625	9.565431779989808e-12
49.9375	1.0778658347809777e-11
49.96875	1.1891194626190149e-11
50.0	1.2821279628261184e-11
50.03125	1.3531050412074475e-11
50.0625	1.4026717287674018e-11
50.09375	1.4328842799782304e-11
50.125	1.4458692923491334e-11
50.15625	1.4430694486589069e-11
50.1875	1.4254682503822558e-11
50.21875	1.3959537518981602e-11
50.25	1.3583846721065829e-11
50.28125	1.3111351414296646e-11
50.3125	1.2464427059932781e-11
50.34375	1.1581745978928026e-11
50.375	1.0436464192853379e-11
50.40625	8.975418498702314e-12
50.4375	7.1524236186504275e-12
50.46875	5.098667581887595e-12
50.5	3.1898106118283254e-12
50.53125	1.8115158895506966e-12
50.5625	1.0622560773707046e-12
50.59375	7.709689549099952e-13
50.625	7.329729813550234e-13
50.65625	8.332315414895375e-13
50.6875	1.0226451846798157e-12
50.71875	1.278924448983032e-12
50.75	1.5893588528603786e-12
50.78125	1.9506965487359196e-12
50.8125	2.377820162990929e-12
50.84375	2.875150638403934e-12
50.875	3.3928799440113844e-12
50.90625	3.861921633180332e-12
50.9375	4.265223590982359e-12
50.96875	4.624553778115326e-12
